-9.545516102868972785e-02
3.454095518046266383e-02
3.934738149667436902e-02
4.080231843955503535e-02
4.426037798445810884e-02
4.919343175846099120e-02
4.936163012944010109e-02
4.789627939811879481e-02
4.912640635535302919e-02
4.871724999282625590e-02
4.772193852034779804e-02
5.095357678578502775e-02
5.094908370417657040e-02
4.932757459927519794e-02
4.841832466465454538e-02
4.736535046692050277e-02
4.528009986283868665e-02
4.524247257539856099e-02
4.655507335595284596e-02
5.161359977435030222e-02
4.910390325421059438e-02
4.887758550223835624e-02
4.836498837066178363e-02
4.904350730174284606e-02
4.993347046236784603e-02
5.175179126331398011e-02
5.057227793143222877e-02
5.576320656947899440e-02
5.524336545521340430e-02
4.986745821758072073e-02
4.778921869865012523e-02
4.785216270088723384e-02
4.279460740337753116e-02
4.280733225675328185e-02
4.644169155736491139e-02
4.783492130826332706e-02
4.759649093761957744e-02
4.525213915382100133e-02
4.367184005341422093e-02
3.903476265541301615e-02
4.374965234639466294e-02
4.355128435775863088e-02
4.499861862695064829e-02
4.318602336450084317e-02
4.549296197766528049e-02
3.907804279518851259e-02
3.768313292543748472e-02
4.109696491189213791e-02
4.410155617431273795e-02
5.015992918511730930e-02
4.335430986396107689e-02
4.649248440376052560e-02
4.427758170187020420e-02
3.723061917091777251e-02
3.915697313033466437e-02
0.000000000000000000e+00
0.000000000000000000e+00
0.000000000000000000e+00
0.000000000000000000e+00
0.000000000000000000e+00
0.000000000000000000e+00
0.000000000000000000e+00
0.000000000000000000e+00
0.000000000000000000e+00
0.000000000000000000e+00
0.000000000000000000e+00
0.000000000000000000e+00
0.000000000000000000e+00
0.000000000000000000e+00
0.000000000000000000e+00
0.000000000000000000e+00
0.000000000000000000e+00
0.000000000000000000e+00
0.000000000000000000e+00
0.000000000000000000e+00
0.000000000000000000e+00
0.000000000000000000e+00
0.000000000000000000e+00
0.000000000000000000e+00
0.000000000000000000e+00
0.000000000000000000e+00
0.000000000000000000e+00
0.000000000000000000e+00
0.000000000000000000e+00
0.000000000000000000e+00
0.000000000000000000e+00
0.000000000000000000e+00
0.000000000000000000e+00
0.000000000000000000e+00
0.000000000000000000e+00
0.000000000000000000e+00
0.000000000000000000e+00
0.000000000000000000e+00
0.000000000000000000e+00
0.000000000000000000e+00
0.000000000000000000e+00
0.000000000000000000e+00
0.000000000000000000e+00
0.000000000000000000e+00
0.000000000000000000e+00
0.000000000000000000e+00
0.000000000000000000e+00
0.000000000000000000e+00
0.000000000000000000e+00
0.000000000000000000e+00
0.000000000000000000e+00
0.000000000000000000e+00
0.000000000000000000e+00
0.000000000000000000e+00
0.000000000000000000e+00
0.000000000000000000e+00
0.000000000000000000e+00
0.000000000000000000e+00
0.000000000000000000e+00
0.000000000000000000e+00
0.000000000000000000e+00
0.000000000000000000e+00
0.000000000000000000e+00
0.000000000000000000e+00
0.000000000000000000e+00
0.000000000000000000e+00
0.000000000000000000e+00
0.000000000000000000e+00
0.000000000000000000e+00
0.000000000000000000e+00
0.000000000000000000e+00
0.000000000000000000e+00
0.000000000000000000e+00
