4.196863994002342224e-02
2.148992195725440979e-02
5.321135744452476501e-03
6.780407577753067017e-02
4.339033365249633789e-02
2.696088887751102448e-02
3.632164373993873596e-02
6.102572754025459290e-02
1.766656152904033661e-02
-2.838524291291832924e-03
-2.944192662835121155e-02
6.071930751204490662e-02
-1.096133841201663017e-03
1.139068976044654846e-02
6.620704662054777145e-03
-1.723298244178295135e-02
-2.460420131683349609e-02
-7.012160867452621460e-02
-5.196557566523551941e-02
1.082999538630247116e-02
-2.484069205820560455e-02
2.283060736954212189e-02
1.343502849340438843e-02
-4.556137695908546448e-02
-4.850785061717033386e-02
-2.778403647243976593e-02
1.182856783270835876e-02
1.677371747791767120e-02
-4.157377779483795166e-02
-5.105832219123840332e-02
2.776315622031688690e-02
6.856559216976165771e-02
3.646349161863327026e-02
5.319488048553466797e-02
2.939939266070723534e-03
4.758176580071449280e-02
-8.344104886054992676e-02
1.696198014542460442e-03
-5.490140616893768311e-02
-2.135875821113586426e-02
-6.333864759653806686e-03
-3.688090667128562927e-02
1.320157945156097412e-02
-1.305962447077035904e-02
-4.406525287777185440e-03
1.069983094930648804e-02
-3.946398571133613586e-02
-6.172367185354232788e-02
5.197650752961635590e-03
2.737971022725105286e-02
3.174515813589096069e-02
-2.140727825462818146e-02
-3.000720962882041931e-02
2.356571890413761139e-02
-7.132695522159337997e-03
-1.931570470333099365e-02
-6.473968923091888428e-02
5.685964599251747131e-02
2.867281436920166016e-02
4.052391275763511658e-02
4.075538367033004761e-02
1.252430956810712814e-02
7.048597931861877441e-02
3.390032052993774414e-02
-1.240227092057466507e-02
2.682325057685375214e-02
-2.887335047125816345e-02
-1.530898641794919968e-02
-1.048613991588354111e-02
-4.261856898665428162e-03
3.359567001461982727e-02
-4.411482438445091248e-02
2.942472882568836212e-02
-6.353230774402618408e-02
7.381886988878250122e-02
-1.593501493334770203e-02
-5.163394846022129059e-03
3.619456663727760315e-02
6.313605606555938721e-02
3.794810920953750610e-02
-4.016897827386856079e-02
4.185864329338073730e-02
-7.561241835355758667e-02
-1.282329577952623367e-02
-5.760298576205968857e-03
1.267291139811277390e-02
-1.572977006435394287e-02
-7.061512768268585205e-02
-4.917815700173377991e-02
5.138144828379154205e-03
-8.640282787382602692e-03
4.080149531364440918e-02
2.268143929541110992e-02
-3.642976284027099609e-02
2.409142069518566132e-02
1.454015821218490601e-02
6.731373071670532227e-02
-4.450770840048789978e-02
4.305014759302139282e-02
-3.498457744717597961e-02
-2.241819538176059723e-02
4.384563118219375610e-02
-2.496630325913429260e-02
1.996843516826629639e-02
5.127985030412673950e-02
2.422353252768516541e-02
2.251159958541393280e-02
-1.822197996079921722e-02
-1.753341965377330780e-02
-3.242748789489269257e-03
-9.137274697422981262e-03
-2.628795988857746124e-02
2.882041223347187042e-02
5.778205022215843201e-02
1.922694407403469086e-02
3.371642902493476868e-02
-6.019589491188526154e-03
3.202027827501296997e-02
1.420406624674797058e-02
-1.107512228190898895e-02
8.325944654643535614e-03
3.331071510910987854e-02
2.383245155215263367e-02
1.204791478812694550e-02
8.806059509515762329e-02
-3.297236934304237366e-02
1.172901038080453873e-02
1.848381757736206055e-02
