2.542785704135894775e-01
-8.202774524688720703e-01
-1.166790127754211426e-01
-5.566738843917846680e-01
-1.488196253776550293e+00
7.123839110136032104e-02
4.041715860366821289e-01
-6.747548580169677734e-01
5.993873476982116699e-01
-4.288303852081298828e-01
-1.678680300712585449e+00
-2.050392150878906250e+00
-3.681673109531402588e-02
-9.060918688774108887e-01
-2.200590223073959351e-01
-2.212705850601196289e+00
-7.467939853668212891e-01
-1.438550055027008057e-01
9.003576040267944336e-01
1.986011028289794922e+00
-1.116737127304077148e-01
2.588409185409545898e-01
1.140841245651245117e+00
1.895161390304565430e+00
-9.636959992349147797e-03
5.480821728706359863e-01
2.232624143362045288e-01
5.309492349624633789e-02
-3.920755982398986816e-01
-6.571301221847534180e-01
-2.634744644165039062e-01
-3.287268638610839844e+00
-8.513276576995849609e-01
3.642341494560241699e-01
7.197870612144470215e-01
1.063458561897277832e+00
-2.860566973686218262e-01
9.799566864967346191e-01
-9.260202646255493164e-01
1.705815315246582031e+00
9.259696602821350098e-01
-8.105008006095886230e-01
2.262419700622558594e+00
-7.582329213619232178e-02
-1.493212729692459106e-01
-6.637476086616516113e-01
-2.352935969829559326e-01
2.795479774475097656e+00
3.746823668479919434e-01
6.312126666307449341e-02
-8.069795370101928711e-01
-1.191428422927856445e+00
1.086452126502990723e+00
1.367179274559020996e+00
1.224698305130004883e+00
5.118677020072937012e-01
2.819411158561706543e-01
1.257224082946777344e+00
-1.448843836784362793e+00
1.568174839019775391e+00
6.554540395736694336e-01
-2.560327291488647461e+00
3.816020488739013672e-02
-5.669555664062500000e-01
1.697663962841033936e-01
2.134973257780075073e-01
2.880192756652832031e+00
8.523096442222595215e-01
1.279136985540390015e-01
-6.424046158790588379e-01
7.426040768623352051e-01
2.646754741668701172e+00
3.476556539535522461e-01
2.687767148017883301e-02
-1.046398282051086426e+00
-1.599380254745483398e+00
-1.407068371772766113e+00
3.777354955673217773e-01
-7.436686754226684570e-01
-2.258316278457641602e+00
-3.154889822006225586e+00
-9.149163365364074707e-01
2.480130791664123535e-01
-9.081266522407531738e-01
2.323451280593872070e+00
1.373923867940902710e-01
-1.119638323783874512e+00
1.557343244552612305e+00
3.055354207754135132e-02
-5.698887705802917480e-01
2.152680158615112305e+00
-8.402065634727478027e-01
-8.602882176637649536e-02
1.378529965877532959e-01
1.328334689140319824e+00
-1.184265613555908203e+00
1.871646523475646973e+00
-3.571717739105224609e-01
7.834672331809997559e-01
2.614744186401367188e+00
-1.156068682670593262e+00
1.201332807540893555e+00
-1.578947305679321289e+00
-1.864835619926452637e-02
1.616485953330993652e+00
7.266383171081542969e-01
-1.450351357460021973e+00
2.856788039207458496e-01
8.452665805816650391e-01
-1.394996762275695801e+00
1.522675275802612305e+00
-1.596856355667114258e+00
-3.904226124286651611e-01
8.830974102020263672e-01
-6.149367094039916992e-01
1.011691242456436157e-01
-3.676578402519226074e-03
-2.634585380554199219e+00
1.269986987113952637e+00
-1.108184456825256348e-02
1.759143352508544922e+00
-2.679946720600128174e-01
-1.289422750473022461e+00
-1.904140591621398926e+00
-5.046362876892089844e-01
-3.909497559070587158e-01
7.740843296051025391e-01
-2.439268827438354492e+00
