1.663124322891235352e+00
-2.191196680068969727e-01
-5.199203491210937500e-01
5.013794898986816406e-01
-1.825430989265441895e-01
-1.176726460456848145e+00
-2.020860910415649414e+00
-2.570033073425292969e-03
-9.445809125900268555e-01
-1.860629916191101074e+00
6.537925004959106445e-01
-2.119349718093872070e+00
-2.745854854583740234e-01
2.302923351526260376e-01
8.721725642681121826e-02
3.773479461669921875e-01
-9.416352510452270508e-01
1.195073843002319336e+00
-2.569151163101196289e+00
-1.264988780021667480e+00
1.527771949768066406e+00
1.448237895965576172e-02
4.516499042510986328e-01
8.397303223609924316e-01
-1.110448837280273438e+00
-2.017432212829589844e+00
1.370219349861145020e+00
-1.868586689233779907e-01
-2.133069753646850586e+00
-1.185490012168884277e+00
-2.703466415405273438e-01
1.969868779182434082e+00
-1.016919240355491638e-01
2.634335279464721680e+00
-2.655555903911590576e-01
1.241051673889160156e+00
-7.305872440338134766e-01
-3.539056181907653809e-01
-1.763935446739196777e+00
-5.809401273727416992e-01
2.567835807800292969e+00
-1.194207310676574707e+00
1.001862883567810059e-01
2.587645649909973145e-01
-7.316078543663024902e-01
2.067959904670715332e-01
-8.636064529418945312e-01
3.379759788513183594e+00
8.739621639251708984e-01
2.256034374237060547e+00
-7.294645309448242188e-01
8.414703607559204102e-01
1.780721664428710938e+00
9.653929471969604492e-01
-7.970268726348876953e-01
-9.845407009124755859e-01
2.123563766479492188e+00
-6.973416805267333984e-01
6.675019860267639160e-02
1.379980325698852539e+00
-1.007898807525634766e+00
3.407586812973022461e-01
6.577092409133911133e-02
5.104416012763977051e-01
-6.579869985580444336e-01
-1.533369719982147217e-01
1.150194644927978516e+00
2.598952293395996094e+00
1.518547415733337402e+00
1.467447996139526367e+00
6.195408701896667480e-01
-1.735125541687011719e+00
1.069534778594970703e+00
5.423933267593383789e-01
7.469623088836669922e-01
-3.137795925140380859e-01
1.475365996360778809e+00
7.138613462448120117e-01
-5.598655939102172852e-01
-1.348056793212890625e+00
1.672679543495178223e+00
1.552066564559936523e+00
-1.012997984886169434e+00
1.140729784965515137e-01
5.273091316223144531e+00
-5.419555306434631348e-01
-4.127942621707916260e-01
1.326819896697998047e+00
-1.244951248168945312e+00
-4.397128820419311523e-01
-3.395625352859497070e-01
-9.752188324928283691e-01
-1.266283541917800903e-01
7.674202919006347656e-01
-6.845729798078536987e-02
-1.056481957435607910e+00
-7.867130041122436523e-01
-1.638722419738769531e+00
4.088397026062011719e-01
-1.435578227043151855e+00
-2.011032849550247192e-01
1.255114316940307617e+00
-3.064177513122558594e+00
3.707010447978973389e-01
1.947211980819702148e+00
-4.056625962257385254e-01
-1.735551655292510986e-01
-7.487322092056274414e-01
-1.040149211883544922e+00
-1.633484840393066406e+00
2.550066947937011719e+00
-1.455347537994384766e+00
-7.672283053398132324e-01
-1.785728812217712402e+00
1.475790500640869141e+00
-1.955878257751464844e+00
-2.476896941661834717e-01
-1.097278296947479248e-01
3.064367473125457764e-01
-1.132822990417480469e+00
-1.523972272872924805e+00
1.771160364151000977e-01
-3.909750580787658691e-01
-1.553975224494934082e+00
8.152020573616027832e-01
-6.149351596832275391e-03
-1.752059936523437500e+00
-1.098031282424926758e+00
