-7.335244417190551758e-01
-1.119134128093719482e-01
-1.063684582710266113e+00
4.371233284473419189e-02
-1.254502236843109131e-01
-1.354904174804687500e+00
4.377307295799255371e-01
1.137291342020034790e-01
-1.474216699600219727e+00
1.446771860122680664e+00
-1.254540562629699707e+00
8.483073115348815918e-01
1.389192044734954834e-01
-5.496369600296020508e-01
2.306152284145355225e-01
1.469092845916748047e+00
1.042430877685546875e+00
-7.002924680709838867e-01
-2.389335393905639648e+00
2.854277372360229492e+00
1.876352787017822266e+00
-2.288672327995300293e-02
-8.097543120384216309e-01
-7.983458042144775391e-02
-1.465865135192871094e+00
-4.503261148929595947e-01
-2.912144958972930908e-01
4.506283104419708252e-01
-1.051429390907287598e+00
4.798311591148376465e-01
-5.356451869010925293e-02
1.526898980140686035e+00
-2.653999254107475281e-02
-1.725728154182434082e+00
-2.065129995346069336e+00
1.446157693862915039e+00
-1.169667363166809082e+00
2.242977142333984375e+00
1.074607729911804199e+00
-9.391449391841888428e-02
2.191026449203491211e+00
1.576836585998535156e+00
1.039684534072875977e+00
9.427769482135772705e-02
-8.225371837615966797e-01
7.630310058593750000e-01
4.072515070438385010e-01
-2.220009714365005493e-01
-6.126098036766052246e-01
8.570928871631622314e-02
-8.465819358825683594e-01
-2.173336505889892578e+00
3.976284265518188477e-01
-2.321207821369171143e-01
-4.782595336437225342e-01
1.964474439620971680e+00
-8.758628368377685547e-01
1.606615781784057617e+00
1.889288187026977539e+00
-5.398416519165039062e-01
-3.766677379608154297e-01
-1.029247403144836426e+00
-3.009396791458129883e-02
2.603501081466674805e-03
2.682411909103393555e+00
3.895882368087768555e-01
1.996205568313598633e+00
-4.386204481124877930e-01
1.154589653015136719e+00
7.022178173065185547e-01
2.428248077630996704e-01
1.006355881690979004e-01
2.349544763565063477e+00
1.627373397350311279e-01
4.855837821960449219e-01
-5.540210604667663574e-01
-2.453340530395507812e+00
-7.633781433105468750e-01
-1.726225912570953369e-01
-1.874680519104003906e+00
6.012641787528991699e-01
2.744720876216888428e-02
-5.272549986839294434e-01
-1.235461115837097168e+00
1.016806244850158691e+00
-2.619401812553405762e-01
-1.120291233062744141e+00
1.809612035751342773e+00
7.858814597129821777e-01
-5.349602699279785156e-01
7.496368885040283203e-01
-1.028965592384338379e+00
7.983050346374511719e-01
7.566376924514770508e-01
-5.328097939491271973e-01
-1.631277084350585938e+00
-9.825208187103271484e-01
8.645843863487243652e-01
-1.052306175231933594e+00
-5.059162974357604980e-01
5.486290454864501953e-01
1.843515038490295410e-01
-3.748725056648254395e-01
-2.845132112503051758e+00
-8.780603408813476562e-01
1.345490455627441406e+00
-9.417488574981689453e-01
-2.217978477478027344e+00
1.668099761009216309e+00
-1.609018743038177490e-01
-2.360149323940277100e-01
-1.815387606620788574e-01
-5.936205983161926270e-01
7.995523214340209961e-01
-8.820116519927978516e-01
-1.151877999305725098e+00
2.332297712564468384e-01
7.278199195861816406e-01
8.268150091171264648e-01
-4.045055210590362549e-01
9.371225833892822266e-01
1.798270344734191895e-01
-1.252823114395141602e+00
-3.640753269195556641e+00
-7.808763980865478516e-01
-2.098310470581054688e+00
2.738435983657836914e+00
2.049303054809570312e+00
