-6.410611867904663086e-01
6.179654598236083984e-01
-2.142074853181838989e-01
3.945962190628051758e-01
1.022997021675109863e+00
7.272343039512634277e-01
7.864903211593627930e-01
1.859138727188110352e+00
-7.307699918746948242e-01
-1.448093891143798828e+00
1.751371502876281738e+00
-1.693251967430114746e+00
-9.934686422348022461e-01
2.342389523983001709e-02
1.271151781082153320e+00
-1.546921133995056152e-01
-5.869016051292419434e-01
2.017152786254882812e+00
-2.017487525939941406e+00
-5.103718042373657227e-01
-6.510344743728637695e-01
-5.512171387672424316e-01
-1.013554334640502930e+00
2.938371896743774414e-01
-2.476830631494522095e-01
2.671831607818603516e+00
1.715475320816040039e+00
-3.737993240356445312e-01
1.253019213676452637e+00
-1.233294486999511719e+00
-1.521535634994506836e+00
-7.483103275299072266e-01
-2.127067327499389648e+00
-5.481241941452026367e-01
-6.533154249191284180e-01
1.609489202499389648e+00
5.433847904205322266e-01
-1.355996012687683105e+00
6.860280781984329224e-02
-6.277915239334106445e-01
1.324251532554626465e+00
-1.021938562393188477e+00
1.142812252044677734e+00
2.049242734909057617e+00
-5.888571739196777344e-01
2.336326360702514648e+00
1.985563278198242188e+00
4.335564613342285156e+00
-2.928753495216369629e-01
-1.889726668596267700e-01
4.168428778648376465e-01
5.383354425430297852e-01
6.072057485580444336e-01
4.086883068084716797e-01
-1.244345307350158691e-02
9.778953194618225098e-01
1.883888125419616699e+00
-1.380140781402587891e+00
-9.169132113456726074e-01
-6.601548790931701660e-01
-7.175009846687316895e-01
1.532298207283020020e+00
7.469258308410644531e-01
-2.123885154724121094e-01
-4.391429424285888672e-01
-1.155075669288635254e+00
8.729380369186401367e-01
-3.464973866939544678e-01
-3.408252894878387451e-01
5.111243128776550293e-01
2.438688129186630249e-01
-7.328358888626098633e-01
1.204460144042968750e+00
-9.668770432472229004e-02
7.204706668853759766e-01
-2.805488109588623047e+00
-7.522137165069580078e-01
-1.424772262573242188e+00
-6.482765078544616699e-02
-1.306757569313049316e+00
1.155476808547973633e+00
-7.186298072338104248e-02
2.310684680938720703e+00
-4.174150824546813965e-01
-1.922492682933807373e-02
-1.788758337497711182e-01
-1.685538411140441895e+00
-3.620523691177368164e+00
-7.173566222190856934e-01
5.430961847305297852e-01
-1.835763812065124512e+00
-1.201676726341247559e+00
-1.777879953384399414e+00
6.908404827117919922e-01
5.898523330688476562e-01
-1.265478134155273438e-01
-2.803669571876525879e-01
-8.179528117179870605e-01
-4.031773805618286133e-01
1.424174547195434570e+00
-1.778382062911987305e+00
-1.036165714263916016e+00
-5.242329239845275879e-01
2.590001583099365234e+00
4.155685424804687500e+00
-1.558195114135742188e+00
8.011429905891418457e-01
-8.021743893623352051e-01
4.674152433872222900e-01
-2.873307228088378906e+00
-6.336896419525146484e-01
1.061071872711181641e+00
-1.020628809928894043e+00
-1.182384014129638672e+00
-6.881559491157531738e-01
-2.132529973983764648e+00
1.481328725814819336e+00
3.363829851150512695e-01
-2.281942844390869141e+00
1.962107419967651367e+00
7.707433700561523438e-01
-8.884571194648742676e-01
-6.803822517395019531e-01
1.122209906578063965e+00
-9.829187393188476562e-02
-4.701124429702758789e-01
5.957641601562500000e-01
1.032713174819946289e+00
