-1.934054791927337646e-01
-9.406962990760803223e-01
7.352052927017211914e-01
-1.311081171035766602e+00
-9.446898698806762695e-01
-1.385318875312805176e+00
-3.701088428497314453e-01
-1.263760685920715332e+00
-4.501327574253082275e-01
1.197924137115478516e+00
4.667674005031585693e-01
9.918482303619384766e-01
1.555114984512329102e+00
1.621582508087158203e+00
-2.655829787254333496e-01
-6.690818071365356445e-01
-1.854738593101501465e-02
1.043206214904785156e+00
2.201403081417083740e-01
6.170501708984375000e-01
1.071607470512390137e+00
7.820786833763122559e-01
7.676917314529418945e-02
1.214838266372680664e+00
-6.982723474502563477e-01
-6.684449911117553711e-01
-9.870637655258178711e-01
-8.071410655975341797e-02
1.999054312705993652e+00
-1.245131492614746094e-01
-3.044115543365478516e+00
-4.041218280792236328e+00
-6.975063085556030273e-01
2.288030147552490234e+00
4.881560802459716797e-01
1.111476778984069824e+00
-9.233357906341552734e-01
-5.560057163238525391e-01
8.062362670898437500e-01
4.313658475875854492e-01
1.037727355957031250e+00
1.960646033287048340e+00
1.700007915496826172e+00
6.577388048171997070e-01
-5.365753769874572754e-01
1.485404491424560547e+00
-5.222699642181396484e-01
1.140087246894836426e+00
-4.171500205993652344e-01
9.961714744567871094e-01
9.955440759658813477e-01
-1.161330699920654297e+00
-9.788584709167480469e-02
1.450451850891113281e+00
-1.419964551925659180e+00
1.708653807640075684e+00
1.759664297103881836e+00
-2.949378788471221924e-01
2.057935148477554321e-01
3.196738660335540771e-01
-3.640868067741394043e-01
7.031889557838439941e-01
-2.845552265644073486e-01
-1.103606104850769043e+00
-4.415968060493469238e-01
-3.780404925346374512e-01
1.603187680244445801e+00
5.502865463495254517e-02
-1.160316228866577148e+00
-2.994772493839263916e-01
-7.070423960685729980e-01
1.593317747116088867e+00
-1.099398732185363770e-02
-4.265598654747009277e-01
-9.007605314254760742e-01
-8.755885362625122070e-01
-9.204518795013427734e-01
7.760163396596908569e-03
-9.999791383743286133e-01
-3.472704648971557617e+00
-5.318654775619506836e-01
-8.211671710014343262e-01
1.709245562553405762e+00
-1.875821828842163086e+00
2.635717630386352539e+00
6.301293969154357910e-01
-3.043506145477294922e-01
-4.472879171371459961e-01
-1.674288034439086914e+00
-1.661855220794677734e+00
-3.821570426225662231e-02
9.097857475280761719e-01
5.854603648185729980e-01
1.115558266639709473e+00
-9.467426538467407227e-01
1.413232088088989258e-02
1.828836083412170410e+00
-6.607062369585037231e-02
2.007163047790527344e+00
4.153785705566406250e-01
1.104679346084594727e+00
6.805416941642761230e-01
-6.040434837341308594e-01
-4.336143434047698975e-01
-1.961941599845886230e+00
5.654264092445373535e-01
-1.107646584510803223e+00
7.686551660299301147e-02
-1.709393143653869629e+00
-2.071470975875854492e+00
-4.854442775249481201e-01
-2.559510618448257446e-02
2.055254280567169189e-01
2.862584829330444336e+00
8.571264743804931641e-01
-1.326731204986572266e+00
-4.591786861419677734e-01
-6.879117488861083984e-01
-2.292052507400512695e+00
8.196370005607604980e-01
2.074517965316772461e+00
-5.951790213584899902e-01
-8.260978758335113525e-02
-5.691828131675720215e-01
-6.843221187591552734e-01
3.263933658599853516e-01
-4.734778404235839844e-01
5.200513601303100586e-01
