-2.540506601333618164e+00
3.584861755371093750e-01
-6.125430762767791748e-02
-1.827468723058700562e-01
-7.456597089767456055e-01
-7.066102027893066406e-01
1.847373098134994507e-01
1.730822324752807617e+00
1.369914531707763672e+00
2.212100178003311157e-01
1.203302145004272461e+00
-1.090295791625976562e+00
-3.576929569244384766e+00
-6.399839520454406738e-01
1.273103713989257812e+00
-9.846106767654418945e-01
-6.242468357086181641e-01
9.715054631233215332e-01
2.183104038238525391e+00
-4.794664680957794189e-01
7.503846883773803711e-01
-8.181867599487304688e-01
-1.649086713790893555e+00
-2.232191264629364014e-01
-2.336694240570068359e+00
-7.998906373977661133e-01
1.760910034179687500e+00
-1.460803151130676270e-01
1.291905999183654785e+00
-3.811834156513214111e-01
-2.806943058967590332e-01
1.326418042182922363e+00
-2.337767362594604492e+00
8.274081349372863770e-01
2.027330398559570312e+00
9.063223004341125488e-02
1.236489117145538330e-01
-2.211783409118652344e+00
6.026996374130249023e-01
-1.876486063003540039e+00
-1.297439575195312500e+00
1.039406299591064453e+00
1.787904262542724609e+00
-1.432194113731384277e-01
1.651381731033325195e+00
1.177424073219299316e+00
-2.647168636322021484e-01
2.462808609008789062e+00
-1.258401274681091309e+00
2.185487031936645508e+00
2.136070251464843750e+00
-7.479569315910339355e-02
4.199815094470977783e-01
-1.043658018112182617e+00
7.704099416732788086e-01
1.987260729074478149e-01
2.693025112152099609e+00
-1.125340223312377930e+00
2.234238624572753906e+00
1.729832887649536133e-01
-1.930437803268432617e+00
2.676246166229248047e+00
-7.560287714004516602e-01
-4.497528076171875000e-03
9.008898735046386719e-01
-1.531897485256195068e-02
-1.767694018781185150e-02
3.525548875331878662e-01
-1.487740039825439453e+00
1.874751448631286621e-01
2.147877365350723267e-01
2.305983453989028931e-01
5.290995240211486816e-01
-7.690054178237915039e-01
-1.739465951919555664e+00
-6.757681369781494141e-01
-1.269612312316894531e+00
8.696465492248535156e-01
-1.409152984619140625e+00
-2.680530786514282227e+00
-1.194865703582763672e+00
-3.950511217117309570e-01
1.448039293289184570e+00
-5.987898707389831543e-01
2.169982194900512695e+00
-5.603061616420745850e-02
9.009481668472290039e-01
9.239481091499328613e-01
2.194090485572814941e-01
-6.964638829231262207e-01
-7.710018157958984375e-01
-1.779417395591735840e+00
2.232179343700408936e-01
3.050976693630218506e-01
-7.251392602920532227e-01
-4.835101217031478882e-02
1.580213427543640137e+00
-5.228744745254516602e-01
1.452043533325195312e+00
1.504797101020812988e+00
1.236858069896697998e-01
2.599752902984619141e+00
-1.439433991909027100e-01
1.308292150497436523e+00
2.053158998489379883e+00
8.672140836715698242e-01
-2.904870033264160156e+00
1.906684488058090210e-01
1.066596865653991699e+00
-9.338022470474243164e-01
8.359655141830444336e-01
-1.275456666946411133e+00
-3.094461560249328613e-02
-2.741171836853027344e+00
-1.334578633308410645e+00
-1.512770295143127441e+00
-7.096396088600158691e-01
8.796507120132446289e-01
-2.692900896072387695e-01
7.694836258888244629e-01
-1.057505249977111816e+00
-1.054362773895263672e+00
-6.132227182388305664e-01
-1.864064335823059082e+00
2.825974225997924805e-01
-1.019848108291625977e+00
1.712893098592758179e-01
-1.436357855796813965e+00
