-2.493557631969451904e-01
8.301895856857299805e-01
-9.031313657760620117e-02
-4.544740170240402222e-02
1.469844341278076172e+00
-1.354983568191528320e+00
2.338018268346786499e-01
-7.824892997741699219e-01
-1.142053842544555664e+00
8.256043195724487305e-01
-4.337120056152343750e-01
-4.265242516994476318e-01
-1.736108809709548950e-01
-2.299809932708740234e+00
2.337294578552246094e+00
2.286915779113769531e-01
1.117177605628967285e+00
-3.871451914310455322e-01
-1.836596369743347168e+00
2.780139446258544922e-01
9.624989032745361328e-01
1.033081531524658203e+00
2.445499598979949951e-01
4.525519013404846191e-01
-1.220935702323913574e+00
-1.772522926330566406e+00
1.848971247673034668e-01
-3.760350346565246582e-01
8.798729181289672852e-01
1.656062364578247070e+00
-2.426673173904418945e+00
8.387011289596557617e-01
-1.109924316406250000e+00
7.183986902236938477e-01
9.419708251953125000e-01
-7.231723070144653320e-01
-5.428733825683593750e-01
3.912730813026428223e-01
-1.265671133995056152e+00
-1.861846923828125000e+00
1.508613228797912598e+00
7.941277623176574707e-01
2.733088254928588867e+00
8.418664336204528809e-01
-1.567221581935882568e-01
-6.329203844070434570e-01
1.064605340361595154e-01
2.313823461532592773e+00
-7.628120183944702148e-01
9.929506778717041016e-01
2.450384616851806641e+00
-1.171984553337097168e+00
1.956151723861694336e-01
-1.487540960311889648e+00
-3.628244698047637939e-01
1.255233049392700195e+00
-3.625544309616088867e-01
3.836773633956909180e-01
-1.111885070800781250e+00
1.602683544158935547e+00
-4.210650324821472168e-01
6.688898205757141113e-01
1.265780627727508545e-01
1.022322654724121094e+00
1.381243586540222168e+00
9.365384578704833984e-01
1.380402684211730957e+00
-1.319276213645935059e+00
-1.600502133369445801e-01
-9.688071012496948242e-01
-2.260788381099700928e-01
1.935405492782592773e+00
2.461817026138305664e+00
-1.220018148422241211e+00
-1.464147448539733887e+00
-8.038340806961059570e-01
2.187325507402420044e-01
-9.221782684326171875e-01
-1.081066429615020752e-01
-3.019886016845703125e+00
-1.733415246009826660e+00
-7.150356769561767578e-01
-3.865360617637634277e-01
-8.985745906829833984e-01
1.521801590919494629e+00
-2.429138869047164917e-01
-2.249642461538314819e-01
7.304210662841796875e-01
-1.601499795913696289e+00
-2.521842718124389648e-01
3.898044228553771973e-01
-1.169466614723205566e+00
8.061700314283370972e-02
1.418454051017761230e+00
9.799656271934509277e-02
-8.843809962272644043e-01
3.436080217361450195e+00
1.122264504432678223e+00
7.648581266403198242e-01
9.489455819129943848e-02
6.734222173690795898e-01
1.296623468399047852e+00
1.196941375732421875e+00
-1.479067206382751465e+00
-3.469052314758300781e-01
5.984708070755004883e-01
-8.538724184036254883e-01
8.999633789062500000e-01
-7.418309450149536133e-01
-1.721148788928985596e-01
-7.559813261032104492e-01
-1.337631344795227051e+00
-5.397650599479675293e-01
-2.425384998321533203e+00
-1.992854475975036621e-01
-1.146434783935546875e+00
-5.226495862007141113e-01
7.006534934043884277e-01
-2.014758586883544922e-01
5.510614514350891113e-01
-2.065793752670288086e+00
-7.190775275230407715e-01
-9.674679040908813477e-01
-1.457186937332153320e+00
5.201709270477294922e-02
9.729750454425811768e-02
-9.835597276687622070e-01
1.587836623191833496e+00
