-6.153597831726074219e-01
-2.565897226333618164e+00
9.762215018272399902e-01
9.630905985832214355e-01
1.306963920593261719e+00
3.181490898132324219e-01
2.016562968492507935e-01
-4.473557770252227783e-01
-1.266709566116333008e-01
-6.383082866668701172e-01
1.766901910305023193e-01
-1.291142940521240234e+00
2.104029357433319092e-01
-5.776025652885437012e-01
7.025304436683654785e-01
7.673016190528869629e-01
6.428367495536804199e-01
-7.316603660583496094e-01
-3.913589119911193848e-01
1.691939234733581543e+00
-6.741061210632324219e-01
1.276113986968994141e-01
7.286056876182556152e-01
1.651653289794921875e+00
1.127858608961105347e-01
5.276236534118652344e-01
1.244901061058044434e+00
-1.777792692184448242e+00
3.503244817256927490e-01
4.492003321647644043e-01
8.414088487625122070e-01
6.271499395370483398e-01
-1.069059148430824280e-01
4.365206658840179443e-01
-3.470260500907897949e-01
2.434820175170898438e+00
2.757501363754272461e+00
-1.195590645074844360e-01
3.597636818885803223e-01
6.651054620742797852e-01
8.232527971267700195e-01
-6.757098436355590820e-01
1.576203823089599609e+00
-1.795107126235961914e-01
1.228072404861450195e+00
-7.136841416358947754e-01
-8.279774188995361328e-01
4.828503727912902832e-02
2.042048931121826172e+00
1.343976736068725586e+00
1.182595133781433105e+00
-1.573307156562805176e+00
-4.305011332035064697e-01
-1.490165591239929199e+00
2.934720814228057861e-01
3.549843430519104004e-01
-1.465466022491455078e+00
-6.988397836685180664e-01
-1.343259334564208984e+00
1.221079349517822266e+00
-6.890395283699035645e-01
-1.220535874366760254e+00
-4.523831605911254883e-02
8.564305305480957031e-01
-1.523771405220031738e+00
3.106582164764404297e-01
-1.135034918785095215e+00
1.666063785552978516e+00
-1.339096307754516602e+00
-1.080723777413368225e-01
9.798793792724609375e-01
-2.666562795639038086e-04
-5.846097469329833984e-01
1.325335144996643066e+00
-1.027487516403198242e+00
-1.818703413009643555e+00
-4.276825785636901855e-01
-1.124532818794250488e+00
1.031526088714599609e+00
4.677349328994750977e-02
5.606571435928344727e-01
1.171662330627441406e+00
-6.908113360404968262e-01
-4.259387850761413574e-01
1.958146810531616211e+00
-8.466832637786865234e-01
2.211120277643203735e-01
7.390313148498535156e-01
-1.032732009887695312e+00
1.421078562736511230e+00
1.443147301673889160e+00
-1.323859095573425293e+00
-1.517119646072387695e+00
-9.362584352493286133e-01
-8.885277509689331055e-01
-1.215965986251831055e+00
-2.138316631317138672e-04
-7.773801684379577637e-01
-9.215907454490661621e-01
-1.332603216171264648e+00
3.891584575176239014e-01
1.392303109169006348e+00
-1.539069056510925293e+00
1.400869369506835938e+00
5.955721735954284668e-01
-1.029537200927734375e+00
-7.676017880439758301e-01
-1.243753075599670410e+00
-4.056188464164733887e-02
-2.485418558120727539e+00
2.447868347167968750e+00
9.554969668388366699e-01
9.632472991943359375e-01
8.266875743865966797e-01
-2.037666559219360352e+00
-1.248206853866577148e+00
5.492168664932250977e-01
-3.344580531120300293e-01
8.500016331672668457e-01
3.421616852283477783e-01
1.733984827995300293e+00
-2.892954111099243164e+00
-5.024520158767700195e-01
-2.022842884063720703e+00
-1.228766679763793945e+00
-5.040476322174072266e-01
-1.233626723289489746e+00
-4.968625307083129883e-01
