-7.425885200500488281e-01
-1.505516767501831055e+00
-6.547124385833740234e-01
-1.467601954936981201e-01
8.379986286163330078e-01
-3.176225423812866211e-01
4.245004951953887939e-01
-1.503841042518615723e+00
-2.134922981262207031e+00
5.903825163841247559e-01
-8.241946995258331299e-02
9.871929883956909180e-01
-1.403996199369430542e-01
-4.272634387016296387e-01
9.091322422027587891e-01
6.131294965744018555e-01
7.593800425529479980e-01
2.636467218399047852e-01
9.327876567840576172e-01
-1.102439686655998230e-02
-1.060905456542968750e+00
1.141520261764526367e+00
-1.543098688125610352e+00
2.213692426681518555e+00
3.588920533657073975e-01
2.817396223545074463e-01
3.389412760734558105e-01
-1.603409886360168457e+00
7.758431434631347656e-01
7.714513540267944336e-01
-8.615279197692871094e-01
1.019532322883605957e+00
3.182155191898345947e-01
9.554187059402465820e-01
-1.278886437416076660e+00
6.504608392715454102e-01
1.606262773275375366e-01
-8.198192715644836426e-02
-1.373256295919418335e-01
9.806242585182189941e-01
1.086196422576904297e+00
-6.767843365669250488e-01
2.228677988052368164e+00
2.427799701690673828e-01
-3.028675615787506104e-01
-3.673581480979919434e-01
-3.734399974346160889e-01
-1.377628803253173828e+00
1.971794813871383667e-01
4.086653888225555420e-01
-1.808457374572753906e-01
-5.056785345077514648e-01
1.690505445003509521e-01
-1.931050419807434082e-01
-3.883331716060638428e-01
1.942561745643615723e+00
-2.004495263099670410e-02
1.337605476379394531e+00
1.045824766159057617e+00
2.171272516250610352e+00
-1.532459974288940430e+00
9.872785210609436035e-01
-2.284033447504043579e-01
-1.043194055557250977e+00
-5.119483470916748047e-01
-1.037947759032249451e-01
-6.669877767562866211e-01
3.018864154815673828e+00
-2.498756647109985352e-01
-2.600605010986328125e+00
1.091057658195495605e+00
-2.757968306541442871e-01
8.841171264648437500e-01
8.166446685791015625e-01
1.642192900180816650e-01
-5.294606089591979980e-01
1.720300465822219849e-01
1.809792518615722656e-01
7.270986437797546387e-01
-1.178926825523376465e-01
1.310336589813232422e+00
-4.436035156250000000e-01
7.806273102760314941e-01
-3.712706565856933594e-01
3.619705140590667725e-02
1.461478233337402344e+00
1.375552654266357422e+00
-3.463535904884338379e-01
-4.471885859966278076e-01
-8.471036553382873535e-01
1.218403875827789307e-01
1.946345925331115723e+00
-5.723046064376831055e-01
4.439400434494018555e-01
-1.959337592124938965e+00
-1.030227422714233398e+00
-1.714575648307800293e+00
-1.469411730766296387e+00
4.717427790164947510e-01
1.120846152305603027e+00
1.691142916679382324e+00
1.505273342132568359e+00
-8.916288018226623535e-01
-6.325865983963012695e-01
-3.456056356430053711e+00
-9.448701739311218262e-01
-5.449868440628051758e-01
-1.336491584777832031e+00
4.871032536029815674e-01
-2.019393682479858398e+00
-6.606162786483764648e-01
1.370442867279052734e+00
-8.306162357330322266e-01
7.869137525558471680e-01
-2.857617139816284180e-01
-1.018292307853698730e+00
3.719066381454467773e-01
-1.844311356544494629e+00
-1.967191576957702637e+00
7.673230171203613281e-01
-4.654511809349060059e-01
-3.049483299255371094e-01
7.792181968688964844e-01
-2.439274340867996216e-01
-1.396716356277465820e+00
-1.842482089996337891e-01
-1.213645577430725098e+00
1.164602398872375488e+00
