9.782755374908447266e-01
1.544810831546783447e-01
-1.099434494972229004e-01
-5.845637321472167969e-01
-1.579739809036254883e+00
3.678076863288879395e-01
1.978232741355895996e+00
-4.481548070907592773e-02
-1.020307421684265137e+00
1.104634761810302734e+00
-9.586201906204223633e-01
-1.296404004096984863e+00
1.059708595275878906e-01
-1.921213269233703613e+00
6.622049212455749512e-01
-2.089362382888793945e+00
1.876034289598464966e-01
-4.924470782279968262e-01
-1.125962287187576294e-01
1.497812032699584961e+00
2.348765134811401367e-01
5.813246369361877441e-01
1.300617456436157227e+00
3.948317766189575195e-01
-5.156787633895874023e-01
5.855834484100341797e-01
1.431678891181945801e+00
2.500403523445129395e-01
-5.683059692382812500e-01
-3.091931939125061035e-01
-1.187023282051086426e+00
-3.634744167327880859e+00
-6.576565504074096680e-01
7.582107186317443848e-01
-3.331337571144104004e-01
9.843739271163940430e-01
-7.070570588111877441e-01
2.089761495590209961e+00
-7.725807428359985352e-01
1.989458322525024414e+00
1.284616589546203613e+00
8.908909559249877930e-01
2.187778472900390625e+00
-1.405646651983261108e-01
7.182042300701141357e-02
6.903435587882995605e-01
-1.127687692642211914e+00
2.195134162902832031e+00
1.684173494577407837e-01
-1.006397128105163574e+00
-1.148578166961669922e+00
-2.664809226989746094e-01
-3.715009689331054688e-01
-4.575384557247161865e-01
3.990089297294616699e-01
2.041563272476196289e+00
-7.668029069900512695e-01
1.599907398223876953e+00
-1.483947396278381348e+00
9.924762845039367676e-01
5.365695357322692871e-01
-1.816132903099060059e+00
5.771092176437377930e-01
-9.927356243133544922e-01
8.792719841003417969e-01
-1.253268003463745117e+00
2.511414289474487305e+00
3.675823509693145752e-01
-2.149555832147598267e-03
-9.889981746673583984e-01
5.528077483177185059e-01
2.458198785781860352e+00
1.815340161323547363e+00
1.704425215721130371e-01
-6.572610139846801758e-01
-1.170397996902465820e+00
-1.544399738311767578e+00
2.421084493398666382e-01
2.502950429916381836e-01
-2.228649616241455078e+00
-4.235128879547119141e+00
1.219610452651977539e+00
-8.443968296051025391e-01
-1.008696079254150391e+00
1.789330840110778809e+00
-5.118457078933715820e-01
-1.104372620582580566e+00
7.137050628662109375e-01
-5.230661034584045410e-01
1.427497416734695435e-01
2.146373987197875977e+00
-2.026853799819946289e+00
8.070185184478759766e-01
-9.748864173889160156e-02
1.286695837974548340e+00
-9.813146591186523438e-01
1.537133574485778809e+00
4.608848094940185547e-01
6.218246221542358398e-01
1.520780682563781738e+00
-1.438761949539184570e+00
-2.526260614395141602e-01
1.105616241693496704e-01
-6.030529737472534180e-01
1.086461663246154785e+00
8.470779061317443848e-01
-5.165446400642395020e-01
9.829692244529724121e-01
1.722705125808715820e+00
-2.969453632831573486e-01
-3.919617831707000732e-01
-9.271516203880310059e-01
-1.201697826385498047e+00
1.041696310043334961e+00
-1.082629561424255371e+00
-3.098603487014770508e-01
1.657347381114959717e-01
-1.501734256744384766e+00
6.213796734809875488e-01
5.367746353149414062e-01
1.498603820800781250e+00
-1.546273946762084961e+00
-6.242499351501464844e-01
-1.491607069969177246e+00
-7.730846405029296875e-01
-4.408699870109558105e-01
4.113502204418182373e-01
-1.366102814674377441e+00
