-6.871936321258544922e-01
7.559562921524047852e-01
-8.048282563686370850e-02
8.120327442884445190e-02
1.033277988433837891e+00
-1.640729606151580811e-01
9.221335873007774353e-03
-3.278909623622894287e-01
8.926873803138732910e-01
-6.682717204093933105e-01
4.742726683616638184e-01
-9.163248538970947266e-01
-7.058501243591308594e-02
-2.006938934326171875e+00
1.935159921646118164e+00
8.074939250946044922e-03
4.531041383743286133e-01
-1.307831406593322754e-01
-9.454401731491088867e-01
1.076897025108337402e+00
-1.055006682872772217e-02
9.172686934471130371e-02
3.198546767234802246e-01
8.223497271537780762e-01
-1.092876911163330078e+00
-1.605457067489624023e+00
2.860773503780364990e-01
-5.324332118034362793e-01
2.037917971611022949e-01
2.009569883346557617e+00
-1.979297399520874023e+00
5.658543109893798828e-01
-1.360570907592773438e+00
-3.889904916286468506e-01
4.775694608688354492e-01
-7.564495801925659180e-01
2.173920422792434692e-01
-9.319587945938110352e-01
-2.221414089202880859e+00
-2.784816026687622070e+00
2.603987753391265869e-01
1.285450458526611328e-01
2.761003494262695312e+00
1.424276709556579590e+00
1.319199502468109131e-01
-3.683729469776153564e-02
4.828381538391113281e-01
2.900409936904907227e+00
-8.666614294052124023e-01
7.141863107681274414e-01
2.368559837341308594e+00
-1.517119765281677246e+00
4.697571098804473877e-01
-1.132295608520507812e+00
-9.464856982231140137e-02
-5.010970830917358398e-01
7.765715122222900391e-01
5.549723505973815918e-01
-1.731097698211669922e-01
1.566037654876708984e+00
-5.851040482521057129e-01
9.781200289726257324e-01
1.753504574298858643e-01
2.014431238174438477e+00
1.519862890243530273e+00
5.332114100456237793e-01
1.404146909713745117e+00
-1.195085763931274414e+00
-3.077705204486846924e-01
-1.203315183520317078e-01
2.236682921648025513e-02
1.654393434524536133e+00
2.306845188140869141e+00
-1.258182764053344727e+00
-1.446599960327148438e+00
-1.810615301132202148e+00
-7.711978256702423096e-02
-1.390646338462829590e+00
1.434499621391296387e-01
-2.744492053985595703e+00
-1.418363571166992188e+00
-2.136675119400024414e+00
-8.189602494239807129e-01
-9.127757549285888672e-01
1.118643879890441895e+00
-5.742300748825073242e-01
-3.723154366016387939e-01
6.869343519210815430e-01
-1.202574133872985840e+00
7.462477087974548340e-01
7.859935164451599121e-01
-2.057990789413452148e+00
1.235968843102455139e-01
8.016113042831420898e-01
8.059229850769042969e-01
-2.854400575160980225e-01
3.693158864974975586e+00
6.503446102142333984e-01
-3.294045925140380859e-01
6.670659780502319336e-01
-1.488738059997558594e-01
1.185263633728027344e+00
6.591768264770507812e-01
-5.245113372802734375e-01
1.635947465896606445e+00
3.259839415550231934e-01
-5.312659740447998047e-01
1.030548930168151855e+00
-5.879348516464233398e-01
7.773752212524414062e-01
-1.613726913928985596e-01
-3.611807227134704590e-01
-5.048572421073913574e-01
-3.382797002792358398e+00
-3.702523708343505859e-01
-6.071907877922058105e-01
-3.321272134780883789e-01
7.743928432464599609e-01
5.723448395729064941e-01
-4.336425065994262695e-01
-2.096060514450073242e+00
-6.547628641128540039e-01
-3.276388347148895264e-01
-1.987456202507019043e+00
1.593267917633056641e-02
-7.280521988868713379e-01
-7.111075520515441895e-02
1.097822546958923340e+00
