-9.497997760772705078e-01
9.177226424217224121e-01
-1.058688610792160034e-01
-1.078602552413940430e+00
-6.587290167808532715e-01
2.328004121780395508e+00
4.418691694736480713e-01
9.916538000106811523e-01
-1.717349290847778320e+00
-1.438980996608734131e-01
-6.654300689697265625e-01
-8.863922953605651855e-01
-1.553066253662109375e+00
-1.706642270088195801e+00
1.208692550659179688e+00
-1.631888866424560547e+00
1.399388611316680908e-01
2.035849243402481079e-01
-4.993272423744201660e-01
8.387179374694824219e-01
-5.247288942337036133e-02
-5.468283295631408691e-01
2.217234373092651367e-01
7.446312308311462402e-01
-1.141663670539855957e+00
6.752910017967224121e-01
1.358219683170318604e-01
3.001875579357147217e-01
5.479189157485961914e-01
1.402394056320190430e+00
-4.114867150783538818e-01
2.374713420867919922e+00
4.337964951992034912e-01
4.554420411586761475e-01
-7.465554475784301758e-01
1.921014785766601562e-01
4.252635836601257324e-01
1.672330856323242188e+00
9.921924471855163574e-01
-1.161475032567977905e-01
2.397091388702392578e+00
1.341631293296813965e+00
2.409949779510498047e+00
6.809167265892028809e-01
-1.743889153003692627e-01
-9.839953184127807617e-01
-7.825291156768798828e-01
-6.425473690032958984e-01
-2.997234463691711426e-02
-2.149177312850952148e+00
-5.885286331176757812e-01
-3.449417054653167725e-01
-1.302542686462402344e+00
-1.625396907329559326e-01
-8.375852108001708984e-01
3.041543960571289062e+00
1.461759358644485474e-01
1.126161336898803711e+00
-5.399636626243591309e-01
6.716215014457702637e-01
-4.701003134250640869e-01
-9.064002037048339844e-01
7.226569652557373047e-01
3.488285541534423828e-01
2.869414985179901123e-01
-3.781149864196777344e+00
8.109111785888671875e-01
-7.485722303390502930e-01
1.138008832931518555e+00
5.128603056073188782e-02
4.927989244461059570e-01
1.434481382369995117e+00
1.569376468658447266e+00
6.936228275299072266e-01
2.371417880058288574e-01
-1.393014311790466309e+00
-1.346702575683593750e-01
-2.111847162246704102e+00
-1.478809595108032227e+00
-6.896381974220275879e-01
-4.765229821205139160e-01
-4.304868578910827637e-01
1.522117406129837036e-01
-3.079099655151367188e-01
8.986139893531799316e-01
-1.830769777297973633e+00
-3.989256024360656738e-01
-4.633678197860717773e-01
-1.447622776031494141e+00
6.963970661163330078e-01
-6.886017322540283203e-02
-1.807698011398315430e+00
-8.602775931358337402e-01
-5.185561180114746094e-01
1.464374661445617676e+00
-6.090967655181884766e-01
-5.076463222503662109e-01
9.527800083160400391e-01
6.864639520645141602e-01
6.705077886581420898e-01
-2.758182287216186523e+00
-5.366839170455932617e-01
3.559285998344421387e-01
6.563904285430908203e-01
-2.304107427597045898e+00
6.633697748184204102e-01
9.680647253990173340e-01
-4.651322364807128906e-01
1.263113021850585938e+00
1.832555979490280151e-01
-8.194348812103271484e-01
4.234623610973358154e-01
5.436700582504272461e-02
7.991727590560913086e-01
2.863135337829589844e+00
5.443577766418457031e-01
-3.791700601577758789e-01
-1.594714969396591187e-01
-4.109407663345336914e-01
2.765743494033813477e+00
6.575670838356018066e-01
-2.145267724990844727e+00
-6.900562047958374023e-01
-1.019422411918640137e+00
-1.085038900375366211e+00
7.340484857559204102e-01
-9.414194822311401367e-01
-5.821118354797363281e-01
