-8.281089365482330322e-02
5.461230874061584473e-01
1.874570399522781372e-01
-2.761640846729278564e-01
-2.530541658401489258e+00
8.815165758132934570e-01
2.681861400604248047e+00
4.584150314331054688e-01
-3.423099994659423828e+00
-1.028324127197265625e+00
5.825417041778564453e-01
7.764640450477600098e-01
2.055761098861694336e+00
-1.620707392692565918e+00
8.267959952354431152e-02
-6.508576869964599609e-01
-8.773701190948486328e-01
9.364126324653625488e-01
-1.742554306983947754e-01
-1.776027027517557144e-03
-1.614605545997619629e+00
6.500539183616638184e-01
-1.328938007354736328e+00
2.411904335021972656e+00
-2.391323566436767578e+00
1.057241916656494141e+00
2.028587609529495239e-01
-2.663037180900573730e-01
3.729939162731170654e-01
8.602992296218872070e-01
-2.419245004653930664e+00
-1.129347920417785645e+00
1.279659420251846313e-01
-1.028370141983032227e+00
1.569537222385406494e-01
1.107446312904357910e+00
-4.877746701240539551e-01
6.162902712821960449e-01
1.994462609291076660e+00
-1.768136262893676758e+00
1.398676335811614990e-01
-1.684944152832031250e+00
8.619170784950256348e-01
2.532458066940307617e+00
-1.721287608146667480e+00
1.070423483848571777e+00
-4.615314900875091553e-01
2.411557674407958984e+00
-1.066223502159118652e+00
-1.443468928337097168e+00
-9.183664321899414062e-01
-6.801950931549072266e-01
1.410532832145690918e+00
-4.293291270732879639e-01
-9.032213687896728516e-01
1.068013787269592285e+00
7.498912215232849121e-01
-1.771598756313323975e-01
-9.364064931869506836e-01
9.733566641807556152e-01
1.691405177116394043e+00
1.930843114852905273e+00
-2.664896726608276367e+00
-6.864049434661865234e-01
-1.411878913640975952e-01
-2.139985799789428711e+00
4.775962233543395996e-01
4.697363674640655518e-01
1.419213533401489258e+00
4.310283958911895752e-01
-4.863514006137847900e-02
4.073363542556762695e-01
1.650758981704711914e+00
7.735917568206787109e-01
-3.951382264494895935e-02
-1.909165382385253906e+00
1.311437487602233887e-01
1.528163403272628784e-01
-3.690414726734161377e-01
-9.357272386550903320e-01
-2.358133345842361450e-01
-9.118293225765228271e-02
2.437221527099609375e+00
-3.908479809761047363e-01
-5.410942807793617249e-02
-5.247469246387481689e-02
-1.179226756095886230e+00
-1.246121287345886230e+00
-1.550290226936340332e+00
1.392617821693420410e+00
-1.686671078205108643e-01
-1.845703840255737305e+00
-1.837078213691711426e+00
1.213102817535400391e+00
-4.437663257122039795e-01
9.549813270568847656e-01
2.452742099761962891e+00
-1.731083989143371582e+00
1.893976211547851562e+00
9.281305074691772461e-01
5.395828485488891602e-01
-9.429662823677062988e-01
-1.210553526878356934e+00
1.449279785156250000e+00
2.258615493774414062e+00
1.640920281410217285e+00
-8.929993212223052979e-02
8.876417875289916992e-01
4.929580986499786377e-01
-9.004585742950439453e-01
-7.096416950225830078e-01
1.953469753265380859e+00
-1.133474349975585938e+00
-1.760461449623107910e+00
-5.908389091491699219e-01
5.548347234725952148e-01
8.959628343582153320e-01
-2.000820159912109375e+00
-2.279326438903808594e+00
-1.910528987646102905e-01
-1.635271191596984863e+00
4.544178545475006104e-01
1.981208205223083496e+00
1.509893417358398438e+00
-1.538717746734619141e-02
7.328243255615234375e-01
-1.341076493263244629e+00
3.376081585884094238e-02
