-8.398373126983642578e-01
-2.188099622726440430e+00
1.100260734558105469e+00
6.128539144992828369e-02
7.895560264587402344e-01
-8.834459185600280762e-01
-3.131048381328582764e-02
2.650734186172485352e-01
-2.593712329864501953e+00
2.133004903793334961e+00
-4.540654718875885010e-01
1.486918687820434570e+00
8.691149950027465820e-01
-9.363148212432861328e-01
-1.289971113204956055e+00
5.271753668785095215e-01
8.012996315956115723e-01
8.406328558921813965e-01
1.658728718757629395e-02
8.670701384544372559e-01
2.068220227956771851e-01
7.265562415122985840e-01
-1.967892050743103027e-03
5.296645760536193848e-01
-1.207260727882385254e+00
6.354074478149414062e-01
-9.856840372085571289e-01
-7.686786651611328125e-01
-3.488913178443908691e-01
8.900113105773925781e-01
-1.013699412345886230e+00
1.400123953819274902e+00
-2.941273152828216553e-01
8.534402251243591309e-01
-3.239901959896087646e-01
1.464156031608581543e+00
1.939866185188293457e+00
-1.347838640213012695e+00
-3.622516393661499023e-01
3.257769346237182617e-01
2.932646512985229492e+00
-1.455831766128540039e+00
1.755219697952270508e+00
-1.321853518486022949e+00
-1.205227524042129517e-02
-1.157010197639465332e+00
-1.762050032615661621e+00
1.828191876411437988e-01
5.836538076400756836e-01
-1.021903157234191895e-01
-7.607011795043945312e-01
-3.080385923385620117e-01
-3.549668192863464355e-01
1.042645812034606934e+00
-2.507806718349456787e-01
9.207513928413391113e-01
-4.026297926902770996e-01
2.047465741634368896e-01
-4.806320071220397949e-01
7.644525766372680664e-01
-8.925933837890625000e-01
1.973599910736083984e+00
7.028295993804931641e-01
-8.922150135040283203e-01
-7.630741596221923828e-01
-8.203092813491821289e-01
-2.364118099212646484e+00
6.118360161781311035e-01
2.957244813442230225e-01
-4.981382191181182861e-01
1.843250155448913574e+00
-2.693670034408569336e+00
-2.268650233745574951e-01
9.487539529800415039e-01
-6.254564523696899414e-01
-1.201087832450866699e+00
-5.462790131568908691e-01
8.184239864349365234e-01
5.984818339347839355e-01
9.946525096893310547e-02
8.753831982612609863e-01
-1.015123367309570312e+00
-5.624948143959045410e-01
6.679883599281311035e-01
4.135121405124664307e-01
1.156296133995056152e+00
-1.051149964332580566e-01
-1.315707266330718994e-01
-3.382182717323303223e-01
1.524832695722579956e-01
1.638265728950500488e+00
-3.036362230777740479e-01
-1.435021042823791504e+00
8.361210823059082031e-01
3.647585809230804443e-01
7.695677280426025391e-01
4.994046688079833984e-01
-1.973100423812866211e+00
-1.065476655960083008e+00
3.941065669059753418e-01
1.487198948860168457e+00
2.217807993292808533e-02
-9.263837933540344238e-01
1.505467414855957031e+00
-2.163860082626342773e+00
1.084015250205993652e+00
1.361249536275863647e-01
-5.494419932365417480e-01
5.590512156486511230e-01
-4.700753390789031982e-01
2.475470304489135742e-02
5.186935514211654663e-02
-8.087166547775268555e-01
3.747088015079498291e-01
-1.517172336578369141e+00
-2.953580379486083984e+00
9.141870737075805664e-01
-1.286162972450256348e+00
-1.379010558128356934e+00
1.473792910575866699e+00
9.619359374046325684e-01
-1.075894117355346680e+00
2.018918037414550781e+00
1.286417961120605469e+00
-1.236144304275512695e+00
9.684011340141296387e-01
-2.283556938171386719e+00
6.066490411758422852e-01
