1.104407608509063721e-01
-1.126158475875854492e+00
3.417796492576599121e-01
-2.216404229402542114e-01
6.218582391738891602e-02
4.523660242557525635e-02
5.163456201553344727e-01
-2.114619493484497070e+00
-1.810451269149780273e+00
-8.340718150138854980e-01
-6.720327138900756836e-01
1.446771025657653809e+00
1.094595670700073242e+00
-8.100210130214691162e-02
9.344791769981384277e-01
3.100305497646331787e-01
-7.618834376335144043e-01
6.274115443229675293e-01
-1.055427551269531250e+00
3.183160126209259033e-01
3.643750399351119995e-02
1.285953819751739502e-01
2.423338592052459717e-01
2.046286344528198242e+00
2.446395903825759888e-01
-3.829630017280578613e-01
-9.578344821929931641e-01
3.479671776294708252e-01
-8.108512163162231445e-01
5.630117654800415039e-01
-4.676687419414520264e-01
7.565441131591796875e-01
-1.277359008789062500e+00
1.989920064806938171e-02
-1.246261596679687500e+00
4.460177719593048096e-01
2.044532537460327148e+00
5.966773033142089844e-01
-1.235412597656250000e+00
-1.851378381252288818e-02
1.581474542617797852e+00
2.104759216308593750e-03
1.794377088546752930e+00
-4.996962547302246094e-01
5.920412540435791016e-01
-2.474905401468276978e-01
-1.658950328826904297e+00
-1.835769414901733398e+00
1.112628340721130371e+00
9.005395770072937012e-01
-8.710210323333740234e-01
-1.604971528053283691e+00
2.136652708053588867e+00
-1.052307486534118652e-01
3.316780924797058105e-01
-6.579393893480300903e-02
9.060832262039184570e-01
7.801809906959533691e-01
1.884356737136840820e+00
2.379142761230468750e+00
-1.593652367591857910e+00
-2.405713796615600586e-01
-3.413713574409484863e-01
4.889747798442840576e-01
1.344664692878723145e-01
-1.703405499458312988e+00
-3.929156661033630371e-01
3.192420482635498047e+00
1.504052042961120605e+00
-8.229395151138305664e-01
1.957767248153686523e+00
9.208814501762390137e-01
1.079296231269836426e+00
1.457133650779724121e+00
-4.010214805603027344e-01
-2.934634089469909668e-01
-3.542730808258056641e-01
-8.816062211990356445e-01
2.235598564147949219e-01
-3.378070592880249023e-01
1.403855919837951660e+00
-2.330195426940917969e+00
-2.216920256614685059e-04
9.437352418899536133e-02
4.727587401866912842e-01
-5.348313450813293457e-01
-5.245369672775268555e-01
6.024476289749145508e-01
-1.048596352338790894e-01
-1.507726073265075684e+00
9.055555462837219238e-01
1.258125662803649902e+00
1.567950248718261719e+00
2.119212001562118530e-01
-8.000373840332031250e-03
9.668920040130615234e-01
-1.130002498626708984e+00
-1.127515435218811035e+00
-5.635171532630920410e-01
6.003062725067138672e-01
-5.176268219947814941e-01
2.193184852600097656e+00
-1.493024945259094238e+00
-1.227818369865417480e+00
-2.160218715667724609e+00
3.515041172504425049e-01
1.363047361373901367e+00
-2.261560440063476562e+00
1.083538889884948730e+00
-3.365193903446197510e-01
-1.782183647155761719e+00
1.061386823654174805e+00
-1.912571907043457031e+00
-1.715808033943176270e+00
6.906906515359878540e-02
-1.270504117012023926e+00
2.903875708580017090e-01
-2.517347037792205811e-01
-3.999093174934387207e-01
-1.597663044929504395e+00
-6.364623904228210449e-01
2.787059247493743896e-01
1.258471965789794922e+00
2.973755300045013428e-01
-1.181055784225463867e+00
-8.556514978408813477e-01
-6.643183231353759766e-01
6.392779946327209473e-02
