1.832975745201110840e-01
7.710701227188110352e-01
-3.566512465476989746e-02
4.489484131336212158e-01
1.043086409568786621e+00
-1.334241777658462524e-02
2.229321449995040894e-01
1.628329157829284668e+00
-1.116773247718811035e+00
-1.036639928817749023e+00
2.376948118209838867e+00
-1.398729085922241211e+00
-3.253274261951446533e-01
4.065010547637939453e-01
1.409857749938964844e+00
1.835502386093139648e-01
-1.078870654106140137e+00
1.953442931175231934e+00
-2.288335323333740234e+00
-1.022511959075927734e+00
-2.287158668041229248e-01
-7.471728324890136719e-01
-6.081084012985229492e-01
4.579097628593444824e-01
1.769833266735076904e-01
1.431782841682434082e+00
8.240470886230468750e-01
6.404675841331481934e-01
8.303540945053100586e-01
-8.660105466842651367e-01
-2.351428747177124023e+00
-3.427389860153198242e-01
-2.327812433242797852e+00
3.291877508163452148e-01
-6.879168152809143066e-01
1.347931742668151855e+00
-3.734573423862457275e-01
-1.196297168731689453e+00
9.160027503967285156e-01
4.796415567398071289e-03
1.321474671363830566e+00
-1.099514007568359375e+00
9.287602305412292480e-01
2.727291584014892578e+00
-8.516924381256103516e-01
2.250087976455688477e+00
1.253532052040100098e+00
4.653425216674804688e+00
-6.951565146446228027e-01
3.367390632629394531e-01
3.236469626426696777e-01
2.997097373008728027e-01
1.764667034149169922e+00
5.532686114311218262e-01
1.498308479785919189e-01
3.556053638458251953e-01
1.878397703170776367e+00
-7.699521183967590332e-01
-1.514046788215637207e+00
4.119945764541625977e-01
-6.815214157104492188e-01
9.351231455802917480e-01
1.379456400871276855e+00
-3.153803050518035889e-01
-1.056876555085182190e-01
-9.480210542678833008e-01
5.858995318412780762e-01
-2.427388429641723633e-01
8.782634139060974121e-02
3.769018650054931641e-01
3.851644396781921387e-01
-3.809499740600585938e-01
8.731535673141479492e-01
1.576863229274749756e-01
1.522773027420043945e+00
-2.677482843399047852e+00
4.444949626922607422e-01
-1.932215690612792969e+00
-1.287811100482940674e-01
-1.383791327476501465e+00
1.992565751075744629e+00
-6.355780363082885742e-01
1.272305488586425781e+00
-4.546532928943634033e-01
-3.325529992580413818e-01
-7.788075208663940430e-01
-1.599900007247924805e+00
-3.195996046066284180e+00
-2.559952437877655029e-01
-1.437733620405197144e-01
-1.874498128890991211e+00
-8.990520238876342773e-01
-1.282607197761535645e+00
1.297585606575012207e+00
9.283032417297363281e-01
-3.861376047134399414e-01
-4.228861927986145020e-01
-5.203810334205627441e-01
-6.630972623825073242e-01
1.163874030113220215e+00
-8.136370182037353516e-01
-2.741455435752868652e-01
-6.830641031265258789e-01
1.706277370452880859e+00
3.440038204193115234e+00
-1.061891794204711914e+00
1.421074748039245605e+00
-3.714353442192077637e-01
-3.795603215694427490e-01
-2.541259288787841797e+00
-1.707964897155761719e+00
1.124729752540588379e+00
-2.096047878265380859e+00
-1.926670670509338379e+00
4.665197134017944336e-01
-3.074466705322265625e+00
1.858345746994018555e+00
-7.955244183540344238e-02
-2.937392711639404297e+00
9.570987224578857422e-01
5.079957842826843262e-02
-4.405143558979034424e-01
-1.540784716606140137e+00
1.152821063995361328e+00
-1.058692932128906250e-01
-3.056486696004867554e-02
-1.764766871929168701e-01
1.058227777481079102e+00
