-4.708292186260223389e-01
2.215504348278045654e-01
1.461336016654968262e-01
-3.355453968048095703e+00
-3.588090538978576660e-01
-3.678798675537109375e-01
-4.039284586906433105e-02
1.252389073371887207e+00
-1.157590150833129883e+00
1.081196904182434082e+00
4.920210242271423340e-01
-2.403034716844558716e-01
4.004068374633789062e-01
1.020652890205383301e+00
1.824684441089630127e-02
3.020375490188598633e+00
6.869184970855712891e-01
-3.240299820899963379e-01
-8.775042891502380371e-01
2.470517754554748535e-01
5.782527923583984375e-01
4.774221181869506836e-01
3.328068852424621582e-01
7.019137740135192871e-01
-1.112418055534362793e+00
-6.737248897552490234e-01
-7.490884065628051758e-01
-4.800944328308105469e-01
7.620732784271240234e-01
1.414006948471069336e+00
-2.850976228713989258e+00
-4.116490364074707031e+00
5.414608865976333618e-02
4.532351195812225342e-01
1.965319216251373291e-01
-1.216010928153991699e+00
-1.874122023582458496e+00
5.534638762474060059e-01
7.570769786834716797e-01
5.514570474624633789e-01
1.273299932479858398e+00
1.087338924407958984e+00
1.698313474655151367e+00
5.921669006347656250e-01
-4.739652276039123535e-01
5.211374163627624512e-01
-2.585628032684326172e-01
1.968037605285644531e+00
3.459358215332031250e+00
5.319610238075256348e-01
1.467952430248260498e-01
-8.988320827484130859e-01
2.246703803539276123e-01
-9.966673851013183594e-01
6.424478292465209961e-01
1.862773537635803223e+00
4.759201407432556152e-02
4.058392047882080078e-01
-3.948578238487243652e-01
2.087066173553466797e-01
1.783725619316101074e-01
1.177838802337646484e+00
-3.397071063518524170e-01
7.271179556846618652e-01
5.220798254013061523e-01
-1.055030703544616699e+00
4.234245121479034424e-01
-1.569270610809326172e+00
-2.103826701641082764e-01
3.613387644290924072e-01
4.233987331390380859e-01
-1.467374444007873535e+00
1.567487835884094238e+00
-5.383962988853454590e-01
-1.889804124832153320e+00
-4.655624330043792725e-01
-3.810128569602966309e-01
-6.986768543720245361e-02
5.241566896438598633e-02
-3.762905359268188477e+00
-1.001487493515014648e+00
-3.253566622734069824e-01
-7.691823244094848633e-01
-1.019119501113891602e+00
6.579318046569824219e-01
5.294615030288696289e-01
-8.040139079093933105e-01
-1.256229877471923828e-01
-8.960406780242919922e-01
6.438894271850585938e-01
4.062794148921966553e-03
-3.890574872493743896e-01
-1.374867558479309082e+00
9.171360731124877930e-01
8.750506639480590820e-01
-6.437220573425292969e-01
1.827677726745605469e+00
1.321077466011047363e+00
-6.450864672660827637e-02
2.480935454368591309e-01
3.698415517807006836e+00
1.071170806884765625e+00
1.424152374267578125e+00
-2.021203041076660156e-01
-1.119694709777832031e+00
1.587577462196350098e-01
-8.702225685119628906e-01
-2.238536179065704346e-01
-3.120061010122299194e-02
-2.556342124938964844e+00
1.813993752002716064e-01
8.304010331630706787e-02
-1.166181206703186035e+00
-4.084095358848571777e-02
1.759401559829711914e+00
-9.739131331443786621e-01
1.098385453224182129e-02
-5.524207651615142822e-02
-8.580555319786071777e-01
5.484671592712402344e-01
1.653203368186950684e+00
-3.280447125434875488e-01
-3.561004400253295898e-01
-4.011574983596801758e-01
-5.006401538848876953e-01
-3.898266851902008057e-01
-4.215536713600158691e-01
-8.404633998870849609e-01
