2.480796098709106445e+00
-3.136444091796875000e-01
4.029830694198608398e-01
-5.850695818662643433e-02
-9.003057479858398438e-01
2.810827493667602539e-01
9.141833782196044922e-01
-3.016718327999114990e-01
2.238169312477111816e-02
-1.416234254837036133e+00
-4.176946878433227539e-01
1.003186464309692383e+00
7.230697274208068848e-01
1.595016837120056152e+00
-4.613228738307952881e-01
-8.121818900108337402e-01
-2.039725035429000854e-01
3.478115797042846680e-01
-4.669795930385589600e-01
2.484146595001220703e+00
1.089401245117187500e+00
5.766872763633728027e-01
-3.174182474613189697e-01
3.434735536575317383e-01
-2.135168075561523438e+00
-9.597460031509399414e-01
-1.043893694877624512e+00
1.187443256378173828e+00
1.472738265991210938e+00
8.545837402343750000e-01
-1.466262459754943848e+00
-4.665903449058532715e-01
-9.392523765563964844e-02
-1.156348228454589844e+00
-1.004402279853820801e+00
-1.230889409780502319e-01
-1.931346207857131958e-02
6.760704517364501953e-02
1.856416314840316772e-01
1.047556161880493164e+00
-3.237559199333190918e-01
1.079756617546081543e+00
1.940029859542846680e+00
3.772776722908020020e-01
-1.009548306465148926e+00
-2.716205716133117676e-01
-6.997985839843750000e-01
1.994682431221008301e+00
1.079511791467666626e-01
-1.562571525573730469e+00
-2.745572626590728760e-01
1.983400434255599976e-02
5.212266445159912109e-01
8.210529088973999023e-01
-1.833079457283020020e+00
-9.714926481246948242e-01
-1.514963507652282715e-01
1.833380937576293945e+00
1.023298740386962891e+00
4.444581270217895508e-01
-9.474680423736572266e-01
1.521650791168212891e+00
1.099587798118591309e+00
3.995777368545532227e-01
1.191040754318237305e+00
2.165450006723403931e-01
8.185175061225891113e-01
-8.153716325759887695e-01
1.598230004310607910e+00
-5.302153229713439941e-01
5.192331671714782715e-01
-3.735403776168823242e+00
-1.377130866050720215e+00
1.260190606117248535e+00
-7.843466103076934814e-02
6.865008920431137085e-02
1.048984169960021973e+00
-9.773476123809814453e-01
1.056848049163818359e+00
-9.357774257659912109e-02
2.047146707773208618e-01
-1.959776997566223145e+00
3.440820276737213135e-01
1.279955625534057617e+00
-5.432875156402587891e-01
-7.019342184066772461e-01
5.099433660507202148e-01
-1.337914586067199707e+00
1.945381760597229004e+00
-1.213655829429626465e+00
-8.017749786376953125e-01
-1.249696850776672363e+00
3.280438184738159180e-01
-3.406253755092620850e-01
1.407786905765533447e-01
-5.129555463790893555e-01
1.039719104766845703e+00
-4.035479128360748291e-01
2.415436983108520508e+00
1.075231671333312988e+00
3.259253799915313721e-01
-2.403509140014648438e+00
-8.710002899169921875e-01
-3.602060079574584961e-01
2.075912505388259888e-01
-1.270579695701599121e+00
-2.024915218353271484e-01
-6.241782009601593018e-02
1.393672108650207520e+00
-1.880910754203796387e+00
1.139905750751495361e-01
6.821627914905548096e-02
3.395676612854003906e-03
-1.547760486602783203e+00
1.365137338638305664e+00
-5.468051433563232422e-01
-4.240610003471374512e-01
2.169491767883300781e+00
-1.778621375560760498e-01
-2.883784532546997070e+00
-2.832175970077514648e+00
7.415860295295715332e-01
-2.826693952083587646e-01
-1.248248577117919922e+00
-1.128231287002563477e+00
-1.860317885875701904e-01
-5.170449614524841309e-02
8.517495393753051758e-01
