1.251208424568176270e+00
-1.244032859802246094e+00
7.731726169586181641e-01
-2.480622291564941406e+00
-2.009528160095214844e+00
-9.108594655990600586e-01
1.100717425346374512e+00
9.743033647537231445e-01
-1.577600240707397461e+00
-9.649300575256347656e-01
2.068977802991867065e-01
3.047103807330131531e-02
2.277564764022827148e+00
-1.276238858699798584e-01
-2.901251316070556641e-01
-1.329488754272460938e+00
-4.032142758369445801e-01
6.923014521598815918e-01
-1.154739856719970703e+00
1.432532191276550293e+00
5.937541723251342773e-01
7.423669099807739258e-03
8.165128827095031738e-01
3.651752948760986328e+00
-7.634609937667846680e-01
-1.331892609596252441e-02
-1.320922374725341797e+00
-1.444396138191223145e+00
1.411184668540954590e-02
5.939988493919372559e-01
-9.035437107086181641e-01
-1.593451738357543945e+00
-4.793778359889984131e-01
-1.603549957275390625e+00
1.389687299728393555e+00
1.460152983665466309e+00
-1.069994449615478516e+00
4.261241555213928223e-01
-7.663327455520629883e-02
-1.160335659980773926e+00
-2.249772250652313232e-01
-1.110337615013122559e+00
1.678334951400756836e+00
-2.043929100036621094e-01
1.147040963172912598e+00
-1.072388648986816406e+00
6.743806600570678711e-01
1.152376174926757812e+00
-2.298702150583267212e-01
1.856641411781311035e+00
1.283799052238464355e+00
-9.165933132171630859e-01
2.343358039855957031e+00
2.217207431793212891e+00
7.845286130905151367e-01
-5.924729704856872559e-01
6.064829230308532715e-01
-1.885446906089782715e-02
5.806750655174255371e-01
2.151354074478149414e+00
1.052410602569580078e+00
-1.914952039718627930e+00
1.508542597293853760e-01
-2.321020066738128662e-01
-6.321845650672912598e-01
-1.231362104415893555e+00
1.497691988945007324e+00
1.477798819541931152e-01
2.027126774191856384e-02
4.658805951476097107e-02
1.339521050453186035e+00
2.350160837173461914e+00
5.707904100418090820e-01
-5.303780436515808105e-01
-1.349065542221069336e+00
-7.519642710685729980e-01
-1.198288917541503906e+00
-6.467649936676025391e-01
-2.505146980285644531e+00
-9.857318401336669922e-01
-4.422433972358703613e-01
3.331549167633056641e-01
1.186209440231323242e+00
-4.704912304878234863e-01
3.427074670791625977e+00
5.798352360725402832e-01
4.009711742401123047e-01
1.769164919853210449e+00
-1.987093210220336914e+00
-9.480018615722656250e-01
-4.447367414832115173e-02
-9.279431700706481934e-01
-4.074139893054962158e-01
6.796238422393798828e-01
1.271544218063354492e+00
-1.135714054107666016e+00
1.071380496025085449e+00
-8.226358890533447266e-01
8.384354710578918457e-01
1.889241218566894531e+00
1.685112833976745605e+00
7.054106593132019043e-01
-2.044998168945312500e+00
-1.223308205604553223e+00
3.911787867546081543e-01
9.643564224243164062e-01
-5.930652618408203125e-01
2.248126119375228882e-01
-9.154970049858093262e-01
-2.902854442596435547e+00
3.763597011566162109e-01
-2.074045658111572266e+00
-1.205518364906311035e+00
-6.941392421722412109e-01
1.647158384323120117e+00
-4.211133122444152832e-01
-1.879517138004302979e-01
-2.074030160903930664e+00
-1.648506641387939453e+00
-2.924762964248657227e-01
2.011812776327133179e-01
1.507024466991424561e-01
4.257512390613555908e-01
-9.556162953376770020e-01
-6.481204032897949219e-01
-7.530622482299804688e-01
9.218379855155944824e-01
1.006590425968170166e-01
