-9.986393451690673828e-01
-6.681829690933227539e-04
-1.412439823150634766e+00
-1.265412688255310059e+00
-1.444464087486267090e+00
-7.447991967201232910e-01
8.192153573036193848e-01
1.024981617927551270e+00
-4.304890036582946777e-01
-4.854081273078918457e-01
8.554214239120483398e-01
2.254337817430496216e-01
-7.348453998565673828e-02
1.879250526428222656e+00
1.000856280326843262e+00
-1.463952064514160156e+00
1.558648347854614258e+00
-5.179543495178222656e-01
3.331645727157592773e-01
1.023454904556274414e+00
2.618689537048339844e-01
-2.123019933700561523e+00
-9.857784211635589600e-02
2.885525941848754883e+00
-1.496591567993164062e+00
2.439027279615402222e-01
1.310391545295715332e+00
-6.093473434448242188e-01
1.584299206733703613e-01
3.137162327766418457e-01
7.961672544479370117e-01
-6.249870061874389648e-01
-3.557046502828598022e-02
-1.530896425247192383e+00
-1.535422325134277344e+00
-1.531957626342773438e+00
9.082530140876770020e-01
-1.152780771255493164e+00
-1.709527492523193359e+00
1.284133493900299072e-01
-9.464265406131744385e-02
2.678555727005004883e+00
1.789950609207153320e+00
-4.635209441184997559e-01
6.415485143661499023e-01
1.954660296440124512e+00
4.859304726123809814e-01
1.079118967056274414e+00
2.185435771942138672e+00
-8.393552899360656738e-01
2.788388133049011230e-01
-2.236918687820434570e+00
-3.656084537506103516e-01
-8.693966269493103027e-02
-1.658274412155151367e+00
-3.594005703926086426e-01
1.116216182708740234e+00
1.311199426651000977e+00
-2.505593299865722656e-01
-9.489648938179016113e-01
-1.500125885009765625e+00
7.786281704902648926e-01
-1.699703335762023926e+00
1.121731996536254883e-01
6.343204975128173828e-01
4.265698194503784180e-01
1.954514980316162109e-01
-1.035850882530212402e+00
1.753506064414978027e-01
1.278617262840270996e+00
-1.299173980951309204e-01
-1.474911093711853027e+00
-6.416533142328262329e-02
-3.896293640136718750e-01
-1.329112052917480469e+00
-2.125987768173217773e+00
-7.941271662712097168e-01
6.468018293380737305e-01
-3.359980881214141846e-01
-1.519432306289672852e+00
2.270998239517211914e+00
6.130358576774597168e-01
1.726004600524902344e+00
-4.645614027976989746e-01
5.262537002563476562e-01
-9.401974678039550781e-01
1.906481981277465820e+00
5.104695558547973633e-01
-1.614423990249633789e+00
6.484203934669494629e-01
-1.806248724460601807e-01
-2.310535162687301636e-01
-2.122324109077453613e-01
-2.135815620422363281e+00
-1.031581640243530273e+00
-3.813843131065368652e-01
4.823977947235107422e+00
6.411078572273254395e-01
2.043537139892578125e+00
6.425516605377197266e-01
-1.894346117973327637e+00
9.054737091064453125e-01
7.895959913730621338e-02
1.577222585678100586e+00
2.229527473449707031e+00
-1.507343292236328125e+00
-2.714956521987915039e+00
-4.572281241416931152e-01
1.869906187057495117e+00
-1.815067410469055176e+00
-3.264233767986297607e-01
2.590730488300323486e-01
-9.213762283325195312e-01
-1.095341801643371582e+00
-2.692925035953521729e-01
5.732386708259582520e-01
9.211466312408447266e-01
8.376637697219848633e-01
-3.912630081176757812e-01
1.260154247283935547e-01
-1.354569435119628906e+00
-1.490303725004196167e-01
-1.346354603767395020e+00
3.590445220470428467e-01
3.436360359191894531e-01
4.254467487335205078e-01
-3.347553610801696777e-01
-1.019810914993286133e+00
