2.067478001117706299e-01
5.439018011093139648e-01
3.148097395896911621e-01
-3.358563184738159180e+00
1.037820279598236084e-01
1.542338609695434570e+00
-2.004880830645561218e-02
1.692137479782104492e+00
-3.370137512683868408e-01
-8.017825484275817871e-01
1.183976888656616211e+00
-1.331933140754699707e-01
9.695116281509399414e-01
2.965889573097229004e-01
-8.628068566322326660e-01
2.779808044433593750e+00
-7.182125747203826904e-02
-1.759474873542785645e-01
4.969582706689834595e-02
5.832071304321289062e-01
-2.304997742176055908e-01
-4.968745708465576172e-01
7.217680215835571289e-01
1.025192260742187500e+00
-1.444692909717559814e-01
-4.024002552032470703e-01
-6.186925172805786133e-01
-8.851143121719360352e-01
-8.970642089843750000e-01
2.072779893875122070e+00
-1.696624159812927246e+00
-4.057756423950195312e+00
-2.948467135429382324e-01
-7.896103262901306152e-01
-8.107532262802124023e-01
-1.091581463813781738e+00
-1.092740416526794434e+00
3.503328263759613037e-01
-8.202042579650878906e-01
-1.493113189935684204e-01
8.822628855705261230e-01
5.479036569595336914e-01
1.792500972747802734e+00
1.089154362678527832e+00
5.528826266527175903e-02
-5.495630502700805664e-01
-8.303566277027130127e-02
2.333637714385986328e+00
3.229269027709960938e+00
-9.450201392173767090e-01
2.890343666076660156e-01
-8.324880599975585938e-01
-9.463856369256973267e-02
-6.961517333984375000e-01
1.005574584007263184e+00
-4.819062352180480957e-02
5.881693363189697266e-01
1.295632600784301758e+00
1.542066216468811035e+00
4.276067018508911133e-03
3.666190803050994873e-01
5.189288258552551270e-01
1.290147304534912109e+00
1.289134860038757324e+00
-1.931835114955902100e-01
-2.517222881317138672e+00
1.267383098602294922e-01
-4.120713174343109131e-01
-2.687797546386718750e-01
1.047337770462036133e+00
1.028759360313415527e+00
-8.022041320800781250e-01
8.764359951019287109e-01
-7.250550985336303711e-01
-1.865454077720642090e+00
-1.066589474678039551e+00
-5.010143518447875977e-01
-6.553825139999389648e-01
7.381811738014221191e-01
-3.328126668930053711e+00
-8.027333021163940430e-01
-4.606634378433227539e-01
-1.588190555572509766e+00
-6.967878341674804688e-01
3.824904263019561768e-01
-6.267631053924560547e-02
-1.724135160446166992e+00
7.281472086906433105e-01
-8.780466914176940918e-01
2.002539634704589844e+00
1.430747151374816895e+00
-2.199450016021728516e+00
-8.042070269584655762e-01
-4.374965131282806396e-01
2.076082944869995117e+00
-2.189099341630935669e-01
1.867501258850097656e+00
7.333694398403167725e-02
-2.106640577316284180e+00
-1.105154752731323242e+00
2.075743913650512695e+00
1.035290241241455078e+00
4.649733901023864746e-01
3.282985091209411621e-01
3.003646135330200195e-01
6.558572500944137573e-02
1.326192766427993774e-01
2.394699752330780029e-01
1.404440045356750488e+00
-6.672780513763427734e-01
6.820112466812133789e-03
9.032028317451477051e-01
-1.403857827186584473e+00
-1.227452516555786133e+00
1.922667264938354492e+00
-6.964277029037475586e-01
-1.976573467254638672e-02
-1.766420453786849976e-01
-2.188426256179809570e-01
-4.076219797134399414e-01
1.878535985946655273e+00
-8.938696384429931641e-01
8.700305223464965820e-01
-2.611349523067474365e-02
-2.792615890502929688e-01
-1.081405878067016602e+00
2.493205815553665161e-01
-1.461665034294128418e+00
