-5.401329994201660156e-01
1.110431432723999023e+00
-2.150718718767166138e-01
6.345956772565841675e-02
2.579953432083129883e+00
1.634017527103424072e-01
-1.693781167268753052e-01
-3.747737705707550049e-01
-9.560422897338867188e-01
-3.876359462738037109e-01
-6.622207164764404297e-01
1.559516906738281250e+00
-5.370218753814697266e-01
-3.240032911300659180e+00
1.274293422698974609e+00
-3.545302152633666992e-01
1.029499411582946777e+00
1.573899239301681519e-01
-5.223657488822937012e-01
-8.887959122657775879e-01
-5.209599733352661133e-01
2.905108332633972168e-01
1.941149830818176270e-01
1.399393320083618164e+00
-1.193710803985595703e+00
-4.342023134231567383e-01
-5.387839078903198242e-01
-1.586078405380249023e+00
6.444141864776611328e-01
1.416959524154663086e+00
-1.526592850685119629e+00
9.725831747055053711e-01
-1.102464437484741211e+00
4.963909685611724854e-01
7.606107592582702637e-01
-4.713160544633865356e-02
1.551603198051452637e+00
-1.458591073751449585e-01
-2.521152019500732422e+00
-2.234776735305786133e+00
2.335393428802490234e+00
-2.493435144424438477e-01
2.808714866638183594e+00
5.837081670761108398e-01
-1.341540932655334473e+00
-2.136265277862548828e+00
1.868865489959716797e-01
1.974382519721984863e+00
-2.670525014400482178e-01
-7.054243683815002441e-01
2.672039270401000977e+00
-5.331381559371948242e-01
-9.124692678451538086e-01
-1.061529278755187988e+00
-2.173638045787811279e-01
1.547065377235412598e+00
6.601776182651519775e-02
3.258260488510131836e-01
-1.503647863864898682e-02
-2.214913219213485718e-01
-9.495455026626586914e-01
1.700741887092590332e+00
2.738377153873443604e-01
7.258527874946594238e-01
-5.323328375816345215e-01
-5.036882162094116211e-01
7.633091211318969727e-01
6.447724997997283936e-03
-1.688918471336364746e-01
-7.465230226516723633e-01
-3.973501548171043396e-02
1.905313730239868164e+00
1.005008339881896973e+00
-1.323030710220336914e+00
-2.385213136672973633e+00
-8.522340059280395508e-01
-2.520753145217895508e-01
5.245770215988159180e-01
-2.780645489692687988e-01
-2.862599849700927734e+00
-1.633867621421813965e+00
-8.355453610420227051e-01
1.211665391921997070e+00
-7.211030721664428711e-01
2.054817438125610352e+00
9.269697070121765137e-01
-9.596272706985473633e-01
7.942888736724853516e-01
-1.651188254356384277e+00
8.025971651077270508e-01
1.581951260566711426e+00
-9.680990576744079590e-01
6.023251265287399292e-02
3.303517699241638184e-01
-5.202196836471557617e-01
-4.795281887054443359e-01
3.711359024047851562e+00
-7.654190659523010254e-01
2.651952505111694336e-01
-1.595441937446594238e+00
1.894053816795349121e-01
1.276744723320007324e+00
-3.319705426692962646e-01
1.939060389995574951e-01
-3.527739942073822021e-01
-7.659983038902282715e-01
-1.496602416038513184e+00
1.175870150327682495e-01
6.884619593620300293e-01
-1.805802285671234131e-01
1.991029828786849976e-01
-1.091915726661682129e+00
5.383809804916381836e-01
-2.463165044784545898e+00
-9.483132362365722656e-01
-7.395410537719726562e-01
-9.404732584953308105e-01
-3.225746154785156250e-01
2.549023330211639404e-01
2.208662748336791992e+00
-3.389673531055450439e-01
-6.177467107772827148e-01
1.444813966751098633e+00
5.244362354278564453e-01
4.782087802886962891e-01
2.340511083602905273e-01
-3.816148638725280762e-01
3.319078981876373291e-01
