-9.951046109199523926e-02
-2.581268548965454102e+00
3.765083551406860352e-01
7.174491882324218750e-01
3.052484691143035889e-01
8.572338819503784180e-01
3.015903830528259277e-01
-3.701209723949432373e-01
-1.764427185058593750e+00
-1.898357510566711426e+00
-6.176067590713500977e-01
-2.489406764507293701e-01
9.562274217605590820e-01
-2.351048707962036133e+00
-1.063161969184875488e+00
5.660746097564697266e-01
1.293849110603332520e+00
-5.278899073600769043e-01
-1.857398033142089844e+00
2.040762662887573242e+00
6.192278265953063965e-01
-7.429041862487792969e-01
2.622607946395874023e+00
1.258337497711181641e+00
1.084904968738555908e-01
8.971741199493408203e-01
2.191748857498168945e+00
-1.003381133079528809e+00
5.753344297409057617e-01
2.700705528259277344e-01
3.788482844829559326e-01
2.459796369075775146e-01
2.979690134525299072e-01
8.209490180015563965e-01
-1.239241003990173340e+00
2.872118651866912842e-01
1.240139722824096680e+00
3.567834794521331787e-01
-4.487043619155883789e-01
-1.489931344985961914e+00
2.374848842620849609e+00
-5.839239358901977539e-01
1.521554946899414062e+00
1.441558480262756348e+00
-3.794199228286743164e-01
-2.422464847564697266e+00
-6.267215311527252197e-02
7.434611320495605469e-01
6.124222874641418457e-01
-1.757421791553497314e-01
9.242154657840728760e-02
-9.473074674606323242e-01
-5.969003438949584961e-01
-4.651062190532684326e-01
7.615966796875000000e-01
1.185761928558349609e+00
2.384879589080810547e-01
-1.755721569061279297e+00
5.823186635971069336e-01
3.887482285499572754e-01
-1.007993102073669434e+00
2.819012880325317383e+00
-1.143739521503448486e-01
-1.468896865844726562e-01
-2.388020992279052734e+00
-8.163879513740539551e-01
2.346670627593994141e-01
2.145432949066162109e+00
-1.649612188339233398e+00
-1.277236461639404297e+00
6.932861804962158203e-01
-8.622940778732299805e-01
9.420984983444213867e-01
2.911846339702606201e-01
-1.857090592384338379e+00
-3.239688575267791748e-01
-3.300605773925781250e+00
-4.994767606258392334e-01
-1.322730898857116699e+00
-6.322944164276123047e-02
4.815988540649414062e-01
6.303927302360534668e-01
3.413383066654205322e-01
2.822427749633789062e-01
1.253003478050231934e+00
-7.216635346412658691e-01
1.745291501283645630e-01
3.077080249786376953e-01
1.702255725860595703e+00
1.861472368240356445e+00
1.179728269577026367e+00
-1.248296618461608887e+00
1.135891303420066833e-01
-1.607372164726257324e+00
-7.501683235168457031e-01
-6.647663116455078125e-01
8.957768082618713379e-01
-2.945395112037658691e-01
9.856305122375488281e-01
-1.034808158874511719e+00
1.342051625251770020e+00
7.039449214935302734e-01
-9.797258973121643066e-01
1.885186672210693359e+00
-2.001791894435882568e-01
9.605094045400619507e-02
-2.336331367492675781e+00
-1.405604362487792969e+00
2.256344556808471680e+00
5.048471689224243164e-01
2.635999917984008789e+00
-7.441211342811584473e-01
-1.605627983808517456e-01
2.045895338058471680e+00
-2.025814771652221680e+00
-2.237975835800170898e+00
-1.277390003204345703e+00
-8.462764620780944824e-01
-5.680984854698181152e-01
-7.333887815475463867e-01
6.832811981439590454e-02
-5.227509737014770508e-01
1.543866634368896484e+00
-2.191454172134399414e-02
-3.780167102813720703e-01
4.503075480461120605e-01
-1.245542049407958984e+00
-3.963052928447723389e-01
