8.413139581680297852e-01
9.114894866943359375e-01
1.682586967945098877e-03
9.043275713920593262e-01
-8.331609964370727539e-01
1.902381539344787598e+00
-1.539261639118194580e-01
2.329387366771697998e-01
-1.382752299308776855e+00
-2.194472074508666992e+00
1.234179019927978516e+00
-1.069862246513366699e+00
2.297081470489501953e+00
1.399065375328063965e+00
3.651814460754394531e-01
4.730281233787536621e-01
-4.875679016113281250e-01
1.022343516349792480e+00
-2.211953252553939819e-01
1.103469014167785645e+00
1.228126525878906250e+00
-3.997437357902526855e-01
-6.952345371246337891e-01
1.277784347534179688e+00
-1.990853846073150635e-01
-6.763063073158264160e-01
1.701458573341369629e+00
-1.204445958137512207e+00
-2.461406230926513672e+00
-6.232187747955322266e-01
-6.621792316436767578e-01
2.106724679470062256e-01
6.919276714324951172e-01
-7.515171170234680176e-01
-3.597782850265502930e-01
-5.031331777572631836e-01
-7.594496011734008789e-03
3.700223937630653381e-02
-5.082049965858459473e-01
1.253710269927978516e+00
-1.545141458511352539e+00
-4.708740413188934326e-01
1.565199375152587891e+00
1.655957221984863281e+00
2.339151203632354736e-01
-3.559837937355041504e-01
-1.468313813209533691e+00
-1.855241060256958008e+00
2.552248001098632812e+00
-1.205807566642761230e+00
-3.011139035224914551e-01
-1.286498665809631348e+00
-3.652862608432769775e-01
-1.136041522026062012e+00
6.994125247001647949e-01
-1.140518307685852051e+00
-1.738783717155456543e-02
1.753892660140991211e+00
2.029613733291625977e+00
2.484127879142761230e-02
-1.226026177406311035e+00
-1.407954812049865723e+00
5.615534782409667969e-01
2.205234527587890625e+00
5.890936851501464844e-01
-7.335372567176818848e-01
9.484081268310546875e-01
6.361880302429199219e-01
-1.370389223098754883e+00
-1.133357405662536621e+00
-2.142382115125656128e-01
-7.788333892822265625e-01
-9.641489386558532715e-01
1.357114076614379883e+00
9.479319453239440918e-01
-6.403613090515136719e-01
1.431300163269042969e+00
-1.358486175537109375e+00
-7.282758355140686035e-01
1.795176863670349121e-01
-2.670008182525634766e+00
-8.474859595298767090e-01
-8.456469774246215820e-01
-6.948444247245788574e-01
-4.654734730720520020e-01
-2.597223818302154541e-01
5.123212337493896484e-01
-2.349972277879714966e-01
1.629571437835693359e+00
2.218396425247192383e+00
-1.658578395843505859e+00
-3.424786329269409180e+00
4.890404641628265381e-02
7.540826499462127686e-02
1.264618992805480957e+00
-4.998689293861389160e-01
7.258098125457763672e-01
1.199139237403869629e+00
8.770021796226501465e-01
2.786265611648559570e-01
3.017010986804962158e-01
8.323968648910522461e-01
4.950719475746154785e-01
2.193057298660278320e+00
1.687141299247741699e+00
8.722222447395324707e-01
-1.545770287513732910e+00
-1.171609044075012207e+00
1.936274647712707520e+00
-2.548982858657836914e+00
-7.883167266845703125e-01
6.937145590782165527e-01
-3.062382340431213379e-01
2.256011664867401123e-01
-1.740191936492919922e+00
-7.157025933265686035e-01
1.898209571838378906e+00
1.248548030853271484e+00
-1.132162332534790039e+00
-1.245071053504943848e+00
-9.399899840354919434e-01
-1.676627039909362793e+00
3.804232180118560791e-01
-4.754632115364074707e-01
-7.605996131896972656e-01
-1.374796986579895020e+00
1.481898546218872070e+00
3.602934777736663818e-01
