-8.913917541503906250e-01
7.485744357109069824e-01
-9.143925905227661133e-01
4.343946874141693115e-01
2.082541465759277344e+00
1.211980938911437988e+00
-4.855749011039733887e-01
-1.916691660881042480e-01
-4.255736246705055237e-02
2.443146228790283203e+00
1.610619783401489258e+00
1.805183529853820801e+00
-7.401779890060424805e-01
-1.373032808303833008e+00
-1.499294996261596680e+00
-9.649730920791625977e-01
1.325471848249435425e-01
1.678817510604858398e+00
-2.142513036727905273e+00
-9.570235610008239746e-01
1.729512572288513184e+00
-1.213407754898071289e+00
9.429431557655334473e-01
1.504985690116882324e-01
-2.298048734664916992e+00
-1.768161416053771973e+00
2.539580464363098145e-01
1.406217515468597412e-01
-2.051844120025634766e+00
5.312424898147583008e-01
-1.428536772727966309e+00
8.505460023880004883e-01
9.670702815055847168e-01
-1.166818857192993164e+00
3.191505670547485352e-01
3.261237144470214844e-01
-4.599652886390686035e-01
-4.716815948486328125e-01
2.052801847457885742e-02
-2.760804295539855957e-01
1.252542614936828613e+00
-1.014331102371215820e+00
4.743852019309997559e-01
1.313194513320922852e+00
-7.644377648830413818e-02
-2.072896242141723633e+00
5.449619293212890625e-01
1.288158893585205078e+00
5.176340341567993164e-01
-4.482629001140594482e-01
-3.342781364917755127e-01
6.883075237274169922e-01
1.187736153602600098e+00
9.788663387298583984e-01
-2.353700876235961914e+00
1.215062886476516724e-01
1.640923500061035156e+00
-4.427500963211059570e-01
-4.776047170162200928e-02
1.307236671447753906e+00
-1.659386277198791504e+00
8.636440634727478027e-01
2.691086292266845703e+00
2.339517831802368164e+00
-1.001733422279357910e+00
-1.302336573600769043e+00
-4.874118864536285400e-01
1.587341666221618652e+00
8.846358060836791992e-01
5.525914430618286133e-01
1.365610957145690918e+00
3.910468220710754395e-01
1.099174022674560547e+00
4.510614573955535889e-01
1.258536934852600098e+00
-1.026647329330444336e+00
4.377030134201049805e-01
-3.455584347248077393e-01
-1.023718833923339844e+00
-9.258472919464111328e-02
8.209715485572814941e-01
-4.738060832023620605e-01
-9.131625294685363770e-01
-1.749001502990722656e+00
1.458558201789855957e+00
1.163771748542785645e+00
-2.376761674880981445e+00
4.655112028121948242e-01
7.728441357612609863e-01
8.233197331428527832e-01
-4.040353298187255859e-01
-3.411514520645141602e+00
8.368176817893981934e-01
-1.683799862861633301e+00
7.631748914718627930e-01
-2.305044174194335938e+00
-6.190354824066162109e-01
-1.248263835906982422e+00
-2.804153919219970703e+00
-1.011050462722778320e+00
1.794982254505157471e-01
1.268730878829956055e+00
-1.999160051345825195e+00
-5.325481295585632324e-03
2.639781475067138672e+00
7.678148746490478516e-01
5.030237436294555664e-01
6.134575605392456055e-01
1.708103895187377930e+00
-6.351449489593505859e-01
-1.005045652389526367e+00
1.391276001930236816e+00
-1.000534057617187500e+00
-5.663626790046691895e-01
-9.146130681037902832e-01
-5.672604441642761230e-01
1.815772771835327148e+00
-7.028879225254058838e-02
-9.915239810943603516e-01
-1.696223378181457520e+00
1.329685449600219727e+00
3.455093801021575928e-01
1.141048312187194824e+00
1.127719402313232422e+00
-4.366929531097412109e-01
-1.497386813163757324e+00
-1.302963256835937500e+00
-3.969459235668182373e-01
