-7.821707725524902344e-01
1.419250518083572388e-01
4.110844433307647705e-02
1.487617492675781250e-01
-8.038352131843566895e-01
-1.012968182563781738e+00
-4.153940826654434204e-02
2.214979887008666992e+00
8.890694975852966309e-01
2.642092704772949219e-01
1.177162170410156250e+00
-2.492156505584716797e+00
-2.388615131378173828e+00
3.645359873771667480e-01
-1.675352454185485840e+00
5.269551873207092285e-01
-5.367261171340942383e-01
1.044012427330017090e+00
-4.742610156536102295e-01
-6.407824754714965820e-01
3.694793283939361572e-01
-1.415065288543701172e+00
-3.919300436973571777e-01
-1.238774061203002930e+00
-2.235896885395050049e-01
1.222087860107421875e+00
1.228042483329772949e+00
1.675300717353820801e+00
1.314581990242004395e+00
6.664736270904541016e-01
5.342352390289306641e-01
8.359421491622924805e-01
-2.146347284317016602e+00
1.736522912979125977e+00
-1.504845976829528809e+00
9.781528711318969727e-01
-2.245898544788360596e-02
-1.405172109603881836e+00
-1.375420212745666504e+00
-2.819377481937408447e-01
1.953624606132507324e+00
-7.231417298316955566e-01
1.255656480789184570e+00
1.144060045480728149e-01
-1.254615426063537598e+00
1.578426361083984375e-01
1.625309228897094727e+00
8.539940714836120605e-01
6.000000238418579102e-01
2.105230331420898438e+00
-1.324558138847351074e+00
-4.131705462932586670e-01
7.597878575325012207e-04
8.243501186370849609e-01
-1.699769496917724609e-01
8.881655335426330566e-01
3.299084424972534180e+00
-6.898513436317443848e-01
7.134084701538085938e-01
-8.550288677215576172e-01
-1.002342343330383301e+00
-7.063321769237518311e-02
-1.331174671649932861e-01
4.556557536125183105e-02
2.422928512096405029e-01
-1.048146605491638184e+00
4.251056611537933350e-01
1.656787395477294922e+00
1.196619510650634766e+00
-3.646868467330932617e-01
-1.337387800216674805e+00
3.789271712303161621e-01
3.387854695320129395e-01
1.750832319259643555e+00
2.045626163482666016e+00
-1.643477082252502441e+00
1.946912169456481934e+00
1.123976349830627441e+00
-1.755608081817626953e+00
-6.999075412750244141e-01
2.492001771926879883e+00
-1.866504549980163574e-02
1.364020705223083496e+00
1.188761949539184570e+00
1.488642096519470215e+00
-1.006884813308715820e+00
-2.425903379917144775e-01
-2.992106914520263672e+00
-1.813840985298156738e+00
1.341473698616027832e+00
-1.323477625846862793e+00
4.785544276237487793e-01
-9.499863386154174805e-01
1.080486178398132324e-01
2.443515360355377197e-01
8.790221214294433594e-01
-4.673691391944885254e-01
-2.424478292465209961e+00
-5.253979563713073730e-02
1.423040986061096191e+00
1.501945495605468750e+00
-2.198725938796997070e+00
-5.347171425819396973e-01
9.270457029342651367e-01
1.682829856872558594e+00
-5.122472345829010010e-02
2.902106344699859619e-01
-1.431347250938415527e+00
-1.133961677551269531e+00
-3.704706907272338867e+00
1.171230375766754150e-01
6.488351225852966309e-01
-4.026624560356140137e-02
1.000227093696594238e+00
-1.177210450172424316e+00
-1.057989001274108887e+00
7.223570346832275391e-01
3.389989137649536133e-01
-2.245960384607315063e-02
-3.629730045795440674e-01
-1.300503253936767578e+00
-1.222399711608886719e+00
-1.480330705642700195e+00
-1.056915879249572754e+00
-4.459419250488281250e-01
-1.336563229560852051e+00
-9.286488294601440430e-01
-7.563051581382751465e-02
