-6.834279894828796387e-01
8.134148716926574707e-01
-1.392049938440322876e-01
-9.554591178894042969e-01
-1.301609873771667480e-01
2.847549676895141602e+00
-3.614326119422912598e-01
7.400804758071899414e-01
-8.636659383773803711e-01
-1.342013001441955566e+00
-9.116229414939880371e-02
-3.475919365882873535e-01
-8.360227346420288086e-01
-1.328014373779296875e+00
1.006972432136535645e+00
-1.683682918548583984e+00
-7.097985148429870605e-01
1.019297719001770020e+00
1.677230447530746460e-01
6.674884557723999023e-01
-7.482949495315551758e-01
-8.625096082687377930e-01
1.647053360939025879e-01
1.711260795593261719e+00
-1.043690323829650879e+00
-1.270894706249237061e-02
-7.058706283569335938e-01
5.426390767097473145e-01
2.364278137683868408e-01
2.073034286499023438e+00
-1.697537899017333984e-01
2.751221656799316406e+00
5.394491553306579590e-01
5.970469713211059570e-01
-1.150281906127929688e+00
2.348906099796295166e-01
5.513319969177246094e-01
5.062575936317443848e-01
5.710651278495788574e-01
2.017414569854736328e-02
1.864623904228210449e+00
-5.542678013443946838e-02
2.306292057037353516e+00
1.641281723976135254e+00
-5.460152626037597656e-01
-1.428647398948669434e+00
-9.826726913452148438e-01
1.917886734008789062e-02
-3.598303198814392090e-01
-1.820023059844970703e+00
-6.695237755775451660e-01
-7.938128113746643066e-01
-2.820456027984619141e-01
5.489594936370849609e-01
-6.817297935485839844e-01
1.538723349571228027e+00
8.565704822540283203e-01
1.675082564353942871e+00
-2.000997066497802734e-01
1.301434993743896484e+00
-3.206723034381866455e-01
-3.782298862934112549e-01
6.422272324562072754e-01
8.129459619522094727e-01
-3.108459413051605225e-01
-3.749990701675415039e+00
6.347135305404663086e-01
-2.322661876678466797e-01
1.630011439323425293e+00
4.360476136207580566e-01
5.142461061477661133e-01
1.494045138359069824e+00
6.043593287467956543e-01
6.628204584121704102e-01
6.200564503669738770e-01
-1.928639769554138184e+00
3.473039269447326660e-01
-2.408002376556396484e+00
-1.787756919860839844e+00
-2.467514872550964355e-01
5.135022401809692383e-01
-2.340270757675170898e+00
9.806427359580993652e-02
5.268633365631103516e-03
7.782146334648132324e-01
-1.604115247726440430e+00
-1.201062560081481934e+00
-5.470339059829711914e-01
-8.996169567108154297e-01
7.352197170257568359e-01
4.823468327522277832e-01
-1.705879449844360352e+00
-9.170661568641662598e-01
-2.933840155601501465e-01
1.366145133972167969e+00
-2.272417545318603516e-01
-5.397082567214965820e-01
2.381425499916076660e-01
-4.933241009712219238e-02
5.665854215621948242e-01
-2.703279972076416016e+00
2.469029575586318970e-01
-9.921950697898864746e-01
9.952685832977294922e-01
-1.965520620346069336e+00
5.637816190719604492e-01
1.117225289344787598e+00
-6.389384865760803223e-01
1.134339809417724609e+00
3.265774250030517578e-01
-7.969933748245239258e-01
9.554010629653930664e-01
-1.604202836751937866e-01
-2.073136568069458008e-01
3.846163988113403320e+00
5.516365170478820801e-03
-8.803641796112060547e-02
-9.081516265869140625e-01
-5.149853825569152832e-01
2.257056474685668945e+00
1.372882574796676636e-01
-1.587384462356567383e+00
-8.373894691467285156e-01
-6.475524902343750000e-01
-8.104875087738037109e-01
6.722552776336669922e-01
-9.093091487884521484e-01
-9.613656401634216309e-01
