-4.101802706718444824e-01
-3.778595924377441406e-01
7.334027886390686035e-01
8.457407951354980469e-01
4.839484393596649170e-01
1.114650726318359375e+00
-1.496003940701484680e-02
-1.793978512287139893e-01
-9.236716032028198242e-01
-1.121670007705688477e+00
2.504015266895294189e-01
-4.190976545214653015e-02
3.090603113174438477e+00
8.690530061721801758e-02
1.543641984462738037e-01
-7.602565288543701172e-01
-9.449796676635742188e-01
9.469828009605407715e-01
9.717725515365600586e-01
5.649810433387756348e-01
-1.347637295722961426e+00
-7.409961223602294922e-01
8.754624724388122559e-01
-2.738730609416961670e-01
-2.162674427032470703e+00
-1.596301496028900146e-01
1.684515595436096191e+00
1.173296689987182617e+00
-1.550596833229064941e+00
2.567976713180541992e-03
1.130045950412750244e-01
-1.530043840408325195e+00
-2.080015420913696289e+00
1.262914657592773438e+00
-5.601824522018432617e-01
1.750679016113281250e+00
-8.449478149414062500e-01
5.038414001464843750e-01
-2.600321054458618164e+00
9.467805027961730957e-01
-2.734813094139099121e-01
8.177844285964965820e-01
1.640425086021423340e+00
9.251321554183959961e-01
-1.853736639022827148e+00
5.591655969619750977e-01
-1.539859533309936523e+00
1.999594807624816895e+00
1.141498208045959473e+00
2.229021936655044556e-01
4.355692863464355469e-01
-2.645712852478027344e+00
1.116186827421188354e-01
-9.330919981002807617e-01
-1.066261529922485352e+00
5.309564471244812012e-01
1.318164169788360596e-01
1.267224192619323730e+00
6.578651070594787598e-02
6.484636068344116211e-01
3.870954513549804688e-01
-5.072900056838989258e-01
9.624484181404113770e-01
-1.327037572860717773e+00
9.575240612030029297e-01
-1.099412798881530762e+00
9.097144603729248047e-01
1.559360027313232422e+00
5.861482024192810059e-01
1.282041549682617188e+00
4.636138379573822021e-01
3.793148994445800781e-01
-1.102431267499923706e-01
9.877228736877441406e-01
-5.559535622596740723e-01
-1.035656213760375977e+00
-1.417237043380737305e+00
-5.929154157638549805e-01
1.255498170852661133e+00
-1.435233354568481445e-01
-1.231376647949218750e+00
-4.817891418933868408e-01
1.044852137565612793e+00
2.709175944328308105e-01
1.488660931587219238e+00
-1.155739784240722656e+00
-1.363688826560974121e+00
-2.299777746200561523e+00
3.737372159957885742e-01
2.955338358879089355e-01
3.925487995147705078e+00
-3.195612132549285889e-02
7.517379522323608398e-01
-8.712380528450012207e-01
2.160828113555908203e+00
2.984212398529052734e+00
3.827061876654624939e-02
-4.143499433994293213e-01
-2.072865962982177734e+00
5.471271872520446777e-01
-2.724936485290527344e+00
-6.473395824432373047e-01
-3.167163431644439697e-01
1.152945995330810547e+00
-1.027405619621276855e+00
-6.219955682754516602e-01
5.941821336746215820e-01
-6.131868362426757812e-01
8.142921924591064453e-01
7.395673990249633789e-01
3.161404728889465332e-01
6.532163619995117188e-01
-1.877897679805755615e-01
-1.848792880773544312e-01
7.267143130302429199e-01
-1.493950724601745605e+00
3.832126855850219727e-01
-7.980133295059204102e-01
4.124587178230285645e-01
-2.953265607357025146e-01
-1.839276790618896484e+00
-9.038092494010925293e-01
9.553539752960205078e-01
-1.441928267478942871e+00
-1.212430238723754883e+00
-1.210357189178466797e+00
1.681727468967437744e-01
-9.265657663345336914e-01
