8.996728062629699707e-02
4.946373105049133301e-01
-1.370730996131896973e+00
-1.320619702339172363e+00
-8.965740203857421875e-01
-1.080958366394042969e+00
3.323718309402465820e-01
7.572177648544311523e-01
-1.430244326591491699e+00
-5.646229535341262817e-02
1.792220354080200195e+00
1.218143463134765625e+00
9.825128316879272461e-01
1.751300334930419922e+00
1.519955515861511230e+00
-7.539080381393432617e-01
8.321411609649658203e-01
9.689478576183319092e-02
2.859243154525756836e-01
2.115663141012191772e-01
4.059689640998840332e-01
-2.122142314910888672e+00
4.782593250274658203e-02
2.970190525054931641e+00
-1.404999017715454102e+00
-1.195942521095275879e+00
2.487481385469436646e-01
2.586944997310638428e-01
-2.964899539947509766e-01
9.421557188034057617e-01
-1.836716383695602417e-01
-1.622353196144104004e-01
-1.850186288356781006e-01
-1.870821714401245117e-01
-2.254163503646850586e+00
-1.581865668296813965e+00
-3.995231539011001587e-02
-7.975148558616638184e-01
-9.931523799896240234e-01
1.022140264511108398e+00
-6.337752193212509155e-02
2.150661945343017578e+00
1.652253508567810059e+00
6.037727594375610352e-01
-4.559673070907592773e-01
2.055252552032470703e+00
-4.760233163833618164e-01
1.726448774337768555e+00
1.496895551681518555e+00
-5.234099626541137695e-01
6.763973832130432129e-02
-2.383091926574707031e+00
5.638154149055480957e-01
-2.800653278827667236e-01
-1.707130193710327148e+00
-8.153026103973388672e-01
1.036925554275512695e+00
1.742815971374511719e+00
-8.277087211608886719e-01
3.409594297409057617e-03
-9.922531843185424805e-01
1.440695881843566895e+00
-8.244758844375610352e-01
-7.025019824504852295e-02
9.137226343154907227e-01
-2.090430557727813721e-01
-2.437452077865600586e-01
-6.473509669303894043e-01
9.841464161872863770e-01
1.348006844520568848e+00
-9.771995246410369873e-02
-9.762287139892578125e-01
-2.046126425266265869e-01
-2.016618549823760986e-01
1.032755002379417419e-01
-2.190115690231323242e+00
4.706871211528778076e-01
1.301599144935607910e-01
-3.150976896286010742e-01
-1.483405470848083496e+00
3.071070432662963867e+00
1.534375846385955811e-01
4.833965599536895752e-01
-3.135435581207275391e-01
-1.673349142074584961e-01
-1.479801535606384277e+00
1.374142050743103027e+00
2.473229169845581055e-01
-1.122096538543701172e+00
2.507471442222595215e-01
-3.805778920650482178e-02
-2.530658841133117676e-01
3.268558084964752197e-01
-1.222980022430419922e+00
-1.193328619003295898e+00
-4.395163655281066895e-01
4.399151325225830078e+00
6.869085431098937988e-01
1.547670841217041016e+00
1.538588404655456543e-01
-9.656435847282409668e-01
1.600843667984008789e+00
-4.213045835494995117e-01
1.124181866645812988e+00
1.340005874633789062e+00
-1.228614091873168945e+00
-1.987513065338134766e+00
-1.394290179014205933e-01
1.536347508430480957e+00
-1.543320417404174805e+00
-1.912033081054687500e+00
1.127608060836791992e+00
-1.966925978660583496e+00
-2.351341962814331055e+00
1.195455431938171387e+00
-9.898905754089355469e-01
1.573722958564758301e+00
2.956111729145050049e-01
-1.275267601013183594e+00
-3.968579173088073730e-01
-2.365379095077514648e+00
1.551861464977264404e-01
-1.525346636772155762e+00
1.087611556053161621e+00
7.614588737487792969e-02
7.739067673683166504e-01
-1.528759241104125977e+00
-8.373943567276000977e-01
