-3.591048121452331543e-01
1.423318386077880859e+00
3.003687858581542969e-01
1.984803378582000732e-01
1.312236070632934570e+00
-6.926068067550659180e-01
1.605051875114440918e+00
1.342633247375488281e+00
-4.517144262790679932e-01
-5.444276928901672363e-01
2.356141328811645508e+00
9.907198548316955566e-01
-1.317752599716186523e+00
-5.970174074172973633e-01
6.444102525711059570e-01
2.459285497665405273e+00
5.524184107780456543e-01
1.715274691581726074e+00
1.541236877441406250e+00
-7.923815250396728516e-01
-7.136431336402893066e-01
-3.119972229003906250e+00
1.849134862422943115e-01
-2.650727629661560059e-01
-2.140763521194458008e+00
-6.442367434501647949e-01
-3.191551566123962402e-01
-1.108173966407775879e+00
6.251267790794372559e-01
6.765069961547851562e-01
-6.545960903167724609e-01
-4.131567478179931641e+00
-1.089485883712768555e+00
2.126556783914566040e-01
3.151866197586059570e-01
-3.392424583435058594e-01
-1.201907396316528320e+00
-4.993846416473388672e-01
-5.960770845413208008e-01
-1.175696372985839844e+00
-2.530911564826965332e-01
1.036622524261474609e+00
1.818952918052673340e+00
1.240025401115417480e+00
-7.000154852867126465e-01
2.022134810686111450e-01
-1.160844087600708008e+00
-5.065381526947021484e-01
9.914474487304687500e-01
-1.444462656974792480e+00
1.894157528877258301e-01
-8.271250128746032715e-01
5.810095667839050293e-01
9.188504219055175781e-01
-2.946254014968872070e+00
5.852110385894775391e-01
8.694072365760803223e-01
1.290928483009338379e+00
-2.404851913452148438e+00
-1.773740530014038086e+00
-9.615277647972106934e-01
2.611300230026245117e+00
-7.893536090850830078e-01
1.264508485794067383e+00
1.745039075613021851e-01
-2.827370464801788330e-01
1.146855115890502930e+00
1.536611437797546387e+00
1.286797881126403809e+00
-2.348445206880569458e-01
2.475698947906494141e+00
3.617399930953979492e-01
-1.555730551481246948e-01
3.230349123477935791e-01
1.200495600700378418e+00
-9.136275649070739746e-01
-8.587955832481384277e-01
-9.945721626281738281e-01
-3.062879145145416260e-01
-6.126476526260375977e-01
3.559438884258270264e-01
-1.681805372238159180e+00
5.809322595596313477e-01
-5.660951733589172363e-01
-5.534585714340209961e-01
-1.995498239994049072e-01
-1.378933310508728027e+00
6.593189239501953125e-01
-7.686009407043457031e-01
1.347856402397155762e+00
1.540943503379821777e+00
-9.584287405014038086e-01
9.695473909378051758e-01
2.580416798591613770e-01
-2.795386552810668945e+00
8.421300053596496582e-01
1.269083857536315918e+00
-1.190995424985885620e-01
2.399777472019195557e-01
1.471643686294555664e+00
2.273837327957153320e-01
2.853950858116149902e-01
1.367634832859039307e-01
7.805401086807250977e-01
1.241267442703247070e+00
-1.952219307422637939e-01
-3.590695858001708984e-01
-5.676658153533935547e-01
5.252988934516906738e-01
6.676852703094482422e-03
-2.931117713451385498e-01
1.259952902793884277e+00
1.909237504005432129e-01
4.043996334075927734e-02
8.386986255645751953e-01
-1.302459955215454102e+00
-1.284902691841125488e+00
-1.557939171791076660e+00
4.580368399620056152e-01
-1.998358964920043945e-01
-3.533992767333984375e+00
8.846651017665863037e-02
-2.343649417161941528e-01
1.341486096382141113e+00
-5.321063995361328125e-01
-1.669236898422241211e+00
-5.834134817123413086e-01
1.684585571289062500e+00
