-5.532222986221313477e-01
-2.866725683212280273e+00
-4.611024260520935059e-02
6.948099136352539062e-01
1.060282707214355469e+00
-8.170490860939025879e-01
1.238653779029846191e+00
-2.305165529251098633e-01
-2.525483369827270508e-01
-6.820944547653198242e-01
-1.611913889646530151e-01
-4.293640553951263428e-01
-9.316475391387939453e-01
3.341520130634307861e-01
-5.266161561012268066e-01
-2.482659369707107544e-01
9.352375268936157227e-01
8.343515992164611816e-01
3.104992210865020752e-01
1.211105346679687500e+00
5.072289705276489258e-01
-1.489647865295410156e+00
-3.629058599472045898e-01
-2.512245774269104004e-01
-1.247680544853210449e+00
2.291138410568237305e+00
8.206526041030883789e-01
-5.148628950119018555e-01
1.052046418190002441e-01
-4.165757298469543457e-01
8.338341712951660156e-01
-5.993618965148925781e-01
-1.464938163757324219e+00
3.903234302997589111e-01
-1.750357449054718018e-01
1.955966114997863770e+00
2.665932774543762207e-01
-4.001345038414001465e-01
4.155465364456176758e-01
-5.001752972602844238e-01
1.783837199211120605e+00
1.098921746015548706e-01
1.637032389640808105e+00
1.334518313407897949e+00
6.612192392349243164e-01
2.686938762664794922e+00
1.102667212486267090e+00
2.098478794097900391e+00
-6.591798663139343262e-01
-2.893007695674896240e-01
-4.697747528553009033e-02
-2.526626586914062500e+00
1.517256379127502441e+00
1.784159243106842041e-01
-6.128701567649841309e-01
-2.219886481761932373e-01
1.313708186149597168e+00
-1.421368718147277832e+00
-7.133133411407470703e-01
6.229873895645141602e-01
-1.200578212738037109e+00
3.133068680763244629e-01
-1.064782977104187012e+00
-1.788441777229309082e+00
-1.597109884023666382e-01
-3.868011832237243652e-01
1.509087920188903809e+00
-3.398306369781494141e-01
-6.604490876197814941e-01
4.839535355567932129e-01
-6.426142454147338867e-01
-2.499150514602661133e+00
1.876548886299133301e+00
7.599247694015502930e-01
1.133310273289680481e-01
-3.608755469322204590e-01
-1.445115208625793457e+00
-1.152570724487304688e+00
-3.874292969703674316e-02
1.814338564872741699e-01
5.222260951995849609e-02
-6.513255834579467773e-02
3.037236690521240234e+00
1.068343162536621094e+00
-1.828543066978454590e+00
9.792839884757995605e-01
4.708783328533172607e-01
-2.197490215301513672e+00
-2.463430911302566528e-01
4.052866697311401367e-01
-1.870169043540954590e-01
1.295183449983596802e-01
-8.621765375137329102e-01
-1.199622452259063721e-01
-1.710964739322662354e-02
6.747581809759140015e-02
-7.199872732162475586e-01
-1.005191206932067871e+00
1.185686513781547546e-01
1.531556248664855957e+00
7.690803706645965576e-02
-7.868819236755371094e-01
-1.277676582336425781e+00
-3.932692110538482666e-01
4.843824803829193115e-01
5.839564204216003418e-01
-8.104851841926574707e-02
-1.790663123130798340e+00
-5.052851438522338867e-01
-1.145376682281494141e+00
-1.022749543190002441e-01
-2.190159261226654053e-01
2.182877063751220703e+00
-1.394545286893844604e-01
1.393071770668029785e+00
-7.159491777420043945e-01
1.083714485168457031e+00
-1.972576975822448730e+00
2.702471017837524414e+00
9.346452355384826660e-01
-1.247834086418151855e+00
1.905297398567199707e+00
-4.312790036201477051e-01
-2.980084896087646484e+00
-8.622179031372070312e-01
-3.422217369079589844e+00
5.245042443275451660e-01
8.637549281120300293e-01
