-1.550538539886474609e+00
-2.194535732269287109e-01
6.326632201671600342e-02
8.879323601722717285e-01
-7.329109311103820801e-01
-4.105906188488006592e-01
-6.280310153961181641e-01
-2.946311235427856445e-01
6.235643029212951660e-01
-1.672115802764892578e+00
1.125791072845458984e+00
-1.424127697944641113e+00
2.406691908836364746e-01
-2.594907760620117188e+00
1.420178890228271484e+00
7.293334603309631348e-02
-2.181884348392486572e-01
5.432777106761932373e-02
2.671940326690673828e-01
1.216833710670471191e+00
-1.903298646211624146e-01
1.739562869071960449e+00
-5.793136358261108398e-02
-4.207221865653991699e-01
-1.616693139076232910e+00
-9.735106825828552246e-01
8.572617769241333008e-01
5.230500102043151855e-01
-2.123469561338424683e-01
8.299232721328735352e-01
-1.266586899757385254e+00
1.905402302742004395e+00
-9.759856462478637695e-01
-1.186197176575660706e-01
9.070433974266052246e-01
4.297037422657012939e-01
6.722247004508972168e-01
-7.131554484367370605e-01
-9.126423597335815430e-01
-3.027261495590209961e+00
1.996390074491500854e-01
1.075179934501647949e+00
1.695140004158020020e+00
1.907337665557861328e+00
-1.853473782539367676e-01
1.029597163200378418e+00
-2.425382286310195923e-02
1.503889799118041992e+00
7.546015977859497070e-01
1.163857579231262207e+00
1.405930280685424805e+00
-9.065642952919006348e-01
3.815374374389648438e-01
-9.509589672088623047e-01
-7.813540101051330566e-01
-1.180940866470336914e+00
3.557294011116027832e-01
7.114580869674682617e-01
-1.660950183868408203e+00
4.117314338684082031e+00
9.675053954124450684e-01
1.552965402603149414e+00
2.565910220146179199e-01
1.841723203659057617e+00
9.830739498138427734e-01
9.458792209625244141e-01
-3.033718466758728027e-02
6.282535195350646973e-01
-7.138918638229370117e-01
-9.034069180488586426e-01
-7.028208971023559570e-01
-1.402840018272399902e-03
1.853827357292175293e+00
1.372329890727996826e-01
-8.842100203037261963e-02
-2.207409858703613281e+00
5.787672847509384155e-02
-1.267449021339416504e+00
-6.803934574127197266e-01
-8.772519826889038086e-01
2.117649912834167480e-01
3.323594331741333008e-01
1.064112484455108643e-01
-6.392714381217956543e-01
3.980582475662231445e+00
-1.433646082878112793e+00
-9.678465127944946289e-01
7.851019501686096191e-01
1.625638008117675781e-01
1.138331413269042969e+00
4.254230856895446777e-01
-3.152544975280761719e+00
-6.477490812540054321e-02
-9.621042609214782715e-01
4.506972432136535645e-01
3.016310930252075195e-01
1.591157197952270508e+00
9.114997982978820801e-01
-8.675698041915893555e-01
1.553992867469787598e+00
-1.114133000373840332e+00
-2.779897749423980713e-01
-2.713757753372192383e-01
8.747880458831787109e-01
-5.477749705314636230e-01
2.264202117919921875e+00
-9.030965566635131836e-01
-3.791168928146362305e-01
-8.244448900222778320e-02
4.601572751998901367e-01
-1.182813048362731934e+00
3.114974260330200195e+00
-1.600534558296203613e+00
-1.507686018943786621e+00
-8.468011617660522461e-01
5.696772336959838867e-01
-6.500663757324218750e-01
-9.824030101299285889e-02
1.376490592956542969e-01
-3.737872540950775146e-01
-1.273503661155700684e+00
-1.339469105005264282e-01
-1.288902997970581055e+00
-2.638512372970581055e+00
-5.800607204437255859e-01
-1.807987213134765625e+00
-9.610097408294677734e-01
-1.274498224258422852e+00
