-3.683008253574371338e-02
5.672015994787216187e-02
5.959344506263732910e-01
4.716448187828063965e-01
-1.626701205968856812e-01
7.520428299903869629e-01
7.338358163833618164e-01
5.216926336288452148e-03
1.292842477560043335e-01
-6.493940353393554688e-01
2.779872417449951172e-01
9.918405115604400635e-02
2.912553787231445312e+00
-7.074751257896423340e-01
9.844057559967041016e-01
-6.107503771781921387e-01
-1.962546586990356445e+00
3.306006789207458496e-01
2.535032629966735840e-01
1.971229791641235352e+00
1.921023488044738770e+00
6.664565801620483398e-01
6.111641526222229004e-01
7.968309521675109863e-01
-9.445863962173461914e-01
9.346266388893127441e-01
9.915413856506347656e-01
-1.341515421867370605e+00
-1.035496234893798828e+00
-2.207096219062805176e-01
-3.537002205848693848e-02
3.829675912857055664e-02
-1.914059996604919434e+00
-1.498274564743041992e+00
-1.388962507247924805e+00
-2.853754162788391113e-01
1.414770126342773438e+00
-9.535199999809265137e-01
6.195437908172607422e-01
3.027614951133728027e-01
4.523340463638305664e-01
-7.818777561187744141e-01
1.476621747016906738e+00
-4.970928430557250977e-01
2.081835746765136719e+00
2.276602834463119507e-01
-1.357828378677368164e+00
4.644051194190979004e-01
1.418192386627197266e+00
6.953825950622558594e-01
6.558002233505249023e-01
-2.348062992095947266e+00
-1.147330641746520996e+00
1.375311613082885742e-02
-9.117859005928039551e-01
-1.488358020782470703e+00
6.731292009353637695e-01
1.988490581512451172e+00
1.650376439094543457e+00
2.368640661239624023e+00
-8.349984288215637207e-01
-2.142395228147506714e-01
-4.555502533912658691e-02
1.478031635284423828e+00
1.714496016502380371e+00
-2.590135812759399414e+00
6.376230716705322266e-01
-6.534155607223510742e-01
-1.279701113700866699e+00
-1.365331768989562988e+00
8.585034608840942383e-01
-1.224952936172485352e+00
9.998528957366943359e-01
2.993508875370025635e-01
-3.693217411637306213e-02
-4.483876526355743408e-01
1.163665652275085449e+00
9.776164889335632324e-01
-4.206329584121704102e-03
-1.294894456863403320e+00
-1.382153630256652832e-01
-1.604614019393920898e+00
-6.310056447982788086e-01
-3.120466172695159912e-01
-1.534363985061645508e+00
-1.982194781303405762e+00
-2.040343999862670898e+00
7.308326363563537598e-01
7.765494287014007568e-02
1.782626748085021973e+00
-3.295763731002807617e-01
-3.469239234924316406e+00
-2.129969298839569092e-01
-9.415292143821716309e-01
9.116091728210449219e-01
-3.039767742156982422e-01
-6.733411550521850586e-02
9.483508467674255371e-01
-2.754439115524291992e+00
1.860514044761657715e+00
-5.515660345554351807e-02
5.829085707664489746e-01
-6.049798429012298584e-02
-1.652373075485229492e+00
3.724803209304809570e+00
-2.844833731651306152e-01
-1.403557777404785156e+00
-6.642597317695617676e-01
8.515392541885375977e-01
-4.154899418354034424e-01
-6.227575540542602539e-01
7.247764468193054199e-01
-3.660360276699066162e-01
1.050155758857727051e+00
9.342466592788696289e-01
-5.650386214256286621e-01
-7.809519767761230469e-01
4.125425219535827637e-02
2.370289862155914307e-01
1.145084142684936523e+00
-2.998512983322143555e-01
2.908239662647247314e-01
1.035834908485412598e+00
-6.595089435577392578e-01
-1.089948654174804688e+00
-2.215835809707641602e+00
-5.063310265541076660e-02
1.311732292175292969e+00
