-2.219050884246826172e+00
-1.431242227554321289e-01
-1.423079222440719604e-01
3.202903270721435547e-01
3.574213087558746338e-01
7.346454262733459473e-01
9.546209126710891724e-03
1.534397363662719727e+00
8.831289410591125488e-01
-2.909945726394653320e+00
-2.041816413402557373e-01
-5.106329321861267090e-01
8.925232887268066406e-01
-2.503377676010131836e+00
-3.283115625381469727e-01
-3.983571529388427734e-01
7.371335029602050781e-01
3.263122797012329102e+00
-6.235911250114440918e-01
2.044073343276977539e+00
-1.457732468843460083e-01
-1.715139985084533691e+00
-7.958365082740783691e-01
-2.749184608459472656e+00
-2.189596414566040039e+00
2.360445022583007812e+00
6.129941940307617188e-01
8.248636722564697266e-01
1.824873447418212891e+00
3.155488491058349609e+00
-3.696404695510864258e-01
-3.223069310188293457e-01
-1.879937887191772461e+00
5.358970761299133301e-01
-3.500578403472900391e-01
2.418265938758850098e-01
-1.270191431045532227e+00
-6.595770269632339478e-02
-1.123804688453674316e+00
-4.858863353729248047e-01
6.742774844169616699e-01
-1.326065540313720703e+00
4.388453960418701172e-01
2.002276659011840820e+00
-1.789081692695617676e+00
1.568187832832336426e+00
-8.864566683769226074e-01
1.820148229598999023e+00
-6.014019250869750977e-02
6.225902587175369263e-02
-1.101908802986145020e+00
-3.790664672851562500e-01
-6.592449545860290527e-01
2.217387676239013672e+00
-3.431206345558166504e-01
6.168379783630371094e-01
1.587955236434936523e+00
2.039423882961273193e-01
-3.582033514976501465e-01
9.324144124984741211e-01
-3.084761798381805420e-01
1.488329052925109863e+00
-2.955308914184570312e+00
5.230294466018676758e-01
1.229943394660949707e+00
-1.581381440162658691e+00
-1.413580179214477539e-01
2.312868356704711914e+00
-1.479620933532714844e-01
6.390569210052490234e-01
-6.697384119033813477e-01
-9.439814090728759766e-01
1.642375886440277100e-01
1.462018489837646484e+00
-1.118604302406311035e+00
1.287011802196502686e-01
-1.362005233764648438e+00
2.533202648162841797e+00
-1.000790297985076904e-01
-2.032797336578369141e+00
-4.491516053676605225e-01
-4.710278213024139404e-01
1.825911045074462891e+00
3.657329082489013672e-02
-1.358822882175445557e-01
-1.165598750114440918e+00
-1.235978126525878906e+00
-3.051949024200439453e+00
1.898451149463653564e-02
1.910892844200134277e+00
-1.066596865653991699e+00
3.367066085338592529e-01
-9.656219482421875000e-01
2.606493830680847168e-01
-5.678966045379638672e-01
1.595816254615783691e+00
6.495582461357116699e-01
-5.360866785049438477e-01
-9.618794918060302734e-02
1.265085816383361816e+00
-4.329450428485870361e-01
-7.683610916137695312e-01
1.172719836235046387e+00
-5.351559519767761230e-01
5.967150926589965820e-01
-2.870086133480072021e-01
-1.282329201698303223e+00
-7.310876846313476562e-01
1.980567932128906250e+00
1.310429453849792480e+00
-9.721106290817260742e-01
-3.035317063331604004e-01
-1.724917143583297729e-01
1.445758938789367676e+00
-1.207741022109985352e+00
-7.401721477508544922e-01
6.948958635330200195e-01
6.294018030166625977e-01
-4.285759031772613525e-01
-1.230598986148834229e-02
-2.351545810699462891e+00
-9.563351869583129883e-01
-8.700470924377441406e-01
2.526194334030151367e+00
-5.016990900039672852e-01
5.394550561904907227e-01
6.202751398086547852e-01
8.384270071983337402e-01
