6.170639395713806152e-02
-4.561164975166320801e-01
-1.484852433204650879e+00
4.324748516082763672e-01
-2.208941698074340820e+00
6.217478513717651367e-01
-6.341287493705749512e-01
7.781713008880615234e-01
-9.564477801322937012e-01
-1.137244820594787598e+00
-1.485265612602233887e+00
1.186398863792419434e-01
8.465220332145690918e-01
1.166342571377754211e-02
-9.231395721435546875e-01
-2.017090916633605957e-01
1.113498568534851074e+00
-2.785148024559020996e-01
1.296899199485778809e+00
2.445583105087280273e+00
-1.329416632652282715e+00
-7.352868318557739258e-01
-2.793112993240356445e-01
9.880607724189758301e-01
-2.652898788452148438e+00
1.390140503644943237e-01
1.038678646087646484e+00
-2.010982483625411987e-01
-1.006165266036987305e+00
-8.688578605651855469e-01
-3.012899756431579590e-01
7.152589559555053711e-01
-9.770381450653076172e-01
3.420529603958129883e+00
-8.973070383071899414e-01
4.134450852870941162e-02
1.307728052139282227e+00
-1.339958667755126953e+00
-2.172459363937377930e+00
-8.207103610038757324e-01
1.065168529748916626e-03
3.618643879890441895e-01
1.418429851531982422e+00
1.861185073852539062e+00
1.371055722236633301e+00
3.807159364223480225e-01
-1.181747913360595703e+00
-1.552844285964965820e+00
1.957981109619140625e+00
9.381179809570312500e-01
2.202175408601760864e-01
-6.664252877235412598e-01
-6.060788035392761230e-01
2.670799195766448975e-01
-1.227355718612670898e+00
9.853338003158569336e-01
9.476987123489379883e-01
5.488851070404052734e-01
1.716242432594299316e-01
1.083917140960693359e+00
-1.476815342903137207e+00
1.802839279174804688e+00
-9.466888308525085449e-01
4.484325051307678223e-01
8.595360517501831055e-01
-2.260490655899047852e+00
-3.755370676517486572e-01
9.194716215133666992e-01
5.821689367294311523e-01
2.960541546344757080e-01
9.190043210983276367e-01
-1.680650115013122559e+00
-2.194233387708663940e-01
1.958588600158691406e+00
-7.137964665889739990e-02
1.743010401725769043e+00
2.592448294162750244e-01
1.450141072273254395e+00
2.863271832466125488e-01
-3.202512562274932861e-01
1.603620529174804688e+00
9.114709496498107910e-02
5.803325176239013672e-01
4.968313574790954590e-01
7.228771597146987915e-02
-1.597162187099456787e-01
3.472287952899932861e-01
-1.879787087440490723e+00
4.732295274734497070e-01
-1.897814512252807617e+00
-1.303918600082397461e+00
1.706716895103454590e+00
-3.914543092250823975e-01
1.466926097869873047e+00
9.149606227874755859e-01
1.609848141670227051e+00
-7.643126249313354492e-01
-1.492561586201190948e-02
-6.053320169448852539e-01
1.742439031600952148e+00
7.871242761611938477e-01
-4.617847502231597900e-01
-1.168444752693176270e+00
1.074094176292419434e+00
4.705263674259185791e-01
1.001122236251831055e+00
6.179339885711669922e-01
-2.572636842727661133e+00
-2.640132904052734375e+00
1.896966099739074707e-01
-9.513497352600097656e-04
-6.688453257083892822e-03
9.160953760147094727e-01
-5.472812652587890625e-01
3.414367735385894775e-01
-1.157744526863098145e+00
8.023153543472290039e-01
-1.313128709793090820e+00
1.993340611457824707e+00
1.346951484680175781e+00
-8.335604071617126465e-01
4.793457388877868652e-01
-1.578002333641052246e+00
-2.997699737548828125e+00
-4.364752769470214844e-01
-2.070914506912231445e+00
-2.471791744232177734e+00
-9.228448271751403809e-01
