7.968933582305908203e-01
-1.738423407077789307e-01
-8.643668174743652344e+00
1.014015302062034607e-01
-2.002394348382949829e-01
5.175069719552993774e-02
-1.447744369506835938e-01
6.170127391815185547e-01
8.208516836166381836e-01
-3.632137775421142578e-01
-1.896389275789260864e-01
4.540025591850280762e-01
-7.712309807538986206e-02
8.728951811790466309e-01
-3.291249275207519531e-01
9.787912964820861816e-01
1.062876701354980469e+00
3.341930508613586426e-01
6.438991427421569824e-02
-4.623049795627593994e-01
-1.504771411418914795e-03
2.585775256156921387e-01
3.412366151809692383e+00
-4.818372726440429688e-01
-1.019028544425964355e+00
-1.134061738848686218e-01
-2.162799984216690063e-02
-5.061619877815246582e-01
-8.742691874504089355e-01
-5.412188172340393066e-02
3.362273275852203369e-01
2.925260066986083984e-01
-5.131246089935302734e+00
1.091092675924301147e-01
4.154754802584648132e-02
2.867063581943511963e-01
-6.991066038608551025e-02
7.306969165802001953e-01
-8.087724447250366211e-03
-1.601840257644653320e-01
-1.815880984067916870e-01
1.379152834415435791e-01
1.088190793991088867e+00
5.483939647674560547e-01
-5.096042752265930176e-01
4.004565775394439697e-01
4.473168849945068359e-01
-5.692866444587707520e-02
-3.228609859943389893e-01
2.979683876037597656e-01
9.427285194396972656e-01
-6.500471234321594238e-01
-8.161052465438842773e-01
1.096239089965820312e+00
5.096462368965148926e-02
5.167835950851440430e-01
-3.033745884895324707e-01
2.640575170516967773e-03
1.566702127456665039e-01
-3.531534671783447266e-01
-5.707394480705261230e-01
2.660540044307708740e-01
5.836870670318603516e-01
1.144580245018005371e+00
4.441063404083251953e-01
-2.960655689239501953e-01
-1.769545525312423706e-01
2.004451453685760498e-01
3.413092792034149170e-01
-4.174548387527465820e-01
-5.399822443723678589e-02
-1.842562854290008545e-02
4.020671844482421875e-01
1.064364552497863770e+00
9.315979480743408203e-01
-5.642246007919311523e-01
7.814780622720718384e-02
7.240627408027648926e-01
-1.230380773544311523e+00
-1.475052118301391602e+00
-1.896278858184814453e-01
-2.083684504032135010e-01
1.008617043495178223e+00
2.545889019966125488e-01
-6.375736594200134277e-01
7.925979793071746826e-02
6.112034320831298828e-01
-2.723193168640136719e-01
-2.905516624450683594e-01
7.697063088417053223e-01
-1.221432924270629883e+00
-6.905039548873901367e-01
3.963587880134582520e-01
-2.073323726654052734e-02
-7.029765844345092773e-01
-5.368131399154663086e-01
3.033007979393005371e-01
1.065335988998413086e+00
-2.873565256595611572e-01
-7.416999340057373047e-02
-3.472019731998443604e-01
8.485956117510795593e-03
-2.684513330459594727e-01
9.520162940025329590e-01
-4.012238085269927979e-01
1.363762497901916504e+00
1.103543400764465332e+00
-6.902962923049926758e-01
-5.122644305229187012e-01
4.854781627655029297e-01
8.616079092025756836e-01
-3.334558606147766113e-01
-9.554023742675781250e-01
-7.388174533843994141e-02
7.168678194284439087e-02
-4.151522517204284668e-01
3.657746613025665283e-01
2.542029917240142822e-01
-2.367575764656066895e-01
1.177271082997322083e-01
-2.512498497962951660e-01
-1.040796279907226562e+00
-3.076632022857666016e-01
1.343364715576171875e+00
-1.760848760604858398e-01
1.289792776107788086e+00
1.229979097843170166e-01
-1.335071921348571777e-01
