4.100117683410644531e-01
-6.578892469406127930e-02
4.838804602622985840e-01
4.952885508537292480e-01
-3.532865345478057861e-01
-3.105131685733795166e-01
1.249773740768432617e+00
4.976490437984466553e-01
-6.668572425842285156e-01
-1.308598756790161133e+00
4.483060538768768311e-01
-5.363166928291320801e-01
1.932292222976684570e+00
-1.344290256500244141e+00
9.973548650741577148e-01
-8.852682113647460938e-01
-2.301358461380004883e+00
1.530674815177917480e+00
3.624849319458007812e-01
1.201342463493347168e+00
1.602200269699096680e-01
-1.417731523513793945e+00
-2.937380969524383545e-01
1.442973613739013672e+00
-2.241697788238525391e+00
-6.092654466629028320e-01
2.630244493484497070e-01
-3.392087221145629883e-01
1.021091938018798828e+00
1.961314678192138672e-01
-1.291640549898147583e-01
8.380595445632934570e-01
-1.522038877010345459e-01
-1.619939357042312622e-01
4.012212157249450684e-01
-1.157101988792419434e-02
1.836263656616210938e+00
4.243109822273254395e-01
6.838772892951965332e-01
-4.383769631385803223e-01
-1.433275222778320312e+00
4.513735473155975342e-01
1.139636754989624023e+00
2.777864038944244385e-02
-2.010152578353881836e+00
1.421831369400024414e+00
-3.533982038497924805e-01
1.582371234893798828e+00
1.446519970893859863e+00
2.179140329360961914e+00
-1.459713339805603027e+00
-1.545364856719970703e+00
-2.642905414104461670e-01
1.145860195159912109e+00
-7.859151959419250488e-01
-9.960834383964538574e-01
1.275832533836364746e+00
3.122059106826782227e+00
-2.845348417758941650e-01
1.880807876586914062e+00
-1.520446777343750000e+00
1.347391605377197266e-01
-4.498705565929412842e-01
3.841463923454284668e-01
6.809408664703369141e-01
-1.473796248435974121e+00
-4.670593887567520142e-02
1.294845819473266602e+00
3.209294378757476807e-01
-2.477391809225082397e-01
3.301025629043579102e-01
-1.554431080818176270e+00
-4.455225169658660889e-01
2.850307524204254150e-01
-4.418926239013671875e-01
-4.473601579666137695e-01
-1.126635551452636719e+00
-1.360221505165100098e-01
4.291930198669433594e-01
-6.387909054756164551e-01
1.179623723030090332e+00
-1.569939494132995605e+00
2.013329863548278809e-01
2.419924736022949219e-02
-9.597573876380920410e-01
-3.838719427585601807e-02
-1.695877552032470703e+00
1.504219472408294678e-01
1.310069084167480469e+00
-6.434537470340728760e-02
-2.342322349548339844e+00
-1.429146528244018555e-01
-1.742553710937500000e+00
9.131157398223876953e-01
-1.920049905776977539e+00
1.896844744682312012e+00
1.875367760658264160e-02
2.531605958938598633e+00
-1.841008782386779785e+00
6.744195222854614258e-01
2.269976854324340820e+00
7.865068912506103516e-01
1.870873332023620605e+00
-7.138305902481079102e-01
1.646239399909973145e+00
1.294173598289489746e+00
1.201197385787963867e+00
-1.314022064208984375e+00
-8.513374924659729004e-01
1.647042036056518555e+00
-1.765996932983398438e+00
2.985245287418365479e-01
-5.594353675842285156e-01
-1.252886772155761719e+00
-4.526102244853973389e-01
-5.951007008552551270e-01
2.007318973541259766e+00
-5.717707872390747070e-01
5.838053822517395020e-01
-6.960349678993225098e-01
-1.246813058853149414e+00
-1.923636078834533691e+00
-1.248595476150512695e+00
-1.587995529174804688e+00
-1.202315330505371094e+00
-2.385560512542724609e+00
-7.213153839111328125e-01
2.146008014678955078e+00
