-1.325684785842895508e+00
-8.068266510963439941e-01
4.146995544433593750e-01
-1.261356234550476074e+00
-1.742134928703308105e+00
4.694417715072631836e-01
5.722347497940063477e-01
-5.155612826347351074e-01
1.530894398689270020e+00
-5.989448428153991699e-01
1.043549776077270508e+00
5.856707319617271423e-02
9.679522514343261719e-01
2.276255130767822266e+00
-8.315573334693908691e-01
-1.198892593383789062e+00
3.819885849952697754e-02
1.203837394714355469e+00
1.066838026046752930e+00
2.306804418563842773e+00
-2.794345617294311523e-01
3.752206563949584961e-01
3.442465066909790039e-01
5.486480593681335449e-01
-1.256387948989868164e+00
5.844999551773071289e-01
2.303723692893981934e-01
-9.130443930625915527e-01
1.748646020889282227e+00
4.090481996536254883e-01
-2.105544090270996094e+00
-5.011055469512939453e+00
-7.004281878471374512e-01
8.961699903011322021e-02
-6.985290646553039551e-01
1.338680624961853027e+00
7.498378306627273560e-02
-1.753809571266174316e+00
-1.224866747856140137e+00
-1.070361852645874023e+00
-5.090269446372985840e-01
2.341544866561889648e+00
1.380240917205810547e+00
9.502983093261718750e-01
7.397421598434448242e-01
2.609028100967407227e+00
1.619679331779479980e-01
1.237648367881774902e+00
-4.427757263183593750e-01
3.372074365615844727e-01
9.647017717361450195e-01
-1.296921968460083008e+00
-9.076846241950988770e-01
1.050774455070495605e+00
-1.626291751861572266e+00
5.180940032005310059e-01
3.186384439468383789e+00
-3.007409572601318359e-01
1.601405858993530273e+00
-1.999008506536483765e-01
-9.767845273017883301e-01
1.458232760429382324e+00
-1.001047849655151367e+00
2.246847748756408691e-02
-1.560823619365692139e-01
-5.466474294662475586e-01
1.983784914016723633e+00
-1.064301580190658569e-01
-1.870236635208129883e+00
3.045641183853149414e-01
-6.917922496795654297e-01
1.190196037292480469e+00
5.733721256256103516e-01
-7.271892428398132324e-01
-1.509444236755371094e+00
-1.351157665252685547e+00
-1.642830014228820801e+00
-1.957577168941497803e-01
-5.972215533256530762e-02
-2.939012050628662109e+00
-1.108382821083068848e+00
-1.282747983932495117e+00
1.930724263191223145e+00
-1.601696014404296875e+00
2.235448122024536133e+00
8.852239251136779785e-01
-9.901185631752014160e-01
-6.123579144477844238e-01
-1.632279992103576660e+00
3.566990047693252563e-02
2.217978537082672119e-01
-4.207803010940551758e-01
3.805406093597412109e-01
-3.745874762535095215e-02
-5.118407011032104492e-01
8.112370371818542480e-01
2.040197610855102539e+00
-7.321097254753112793e-01
1.197452306747436523e+00
8.530327081680297852e-01
-7.426193952560424805e-01
-5.999323725700378418e-01
-6.843813657760620117e-01
7.515555024147033691e-01
8.498916029930114746e-01
3.157528489828109741e-02
-9.036083817481994629e-01
2.889059185981750488e-01
-6.570630073547363281e-01
-1.097465038299560547e+00
5.051702260971069336e-02
1.079938292503356934e+00
9.467142820358276367e-01
2.672148704528808594e+00
-3.902513086795806885e-01
-3.692328929901123047e-01
-5.412168502807617188e-01
2.743432819843292236e-01
-1.446103096008300781e+00
2.053127884864807129e-01
2.431635379791259766e+00
-1.514311432838439941e+00
8.765640258789062500e-01
-1.342670202255249023e+00
-2.913316488265991211e-01
-1.131712436676025391e+00
6.825302839279174805e-01
5.180462598800659180e-01
