-2.928483486175537109e-01
-8.411952853202819824e-01
-2.278737872838973999e-01
4.088655114173889160e-01
1.232995033264160156e+00
-4.468502998352050781e-01
-4.013517498970031738e-01
4.184747338294982910e-01
-1.728053212165832520e+00
-2.463243722915649414e+00
3.165543079376220703e-01
2.727313995361328125e+00
-1.862216591835021973e-01
-6.128327846527099609e-01
1.673878073692321777e+00
-8.689705729484558105e-01
3.549460768699645996e-01
-1.398622155189514160e+00
-1.809456825256347656e+00
-2.483467340469360352e+00
-1.846046447753906250e+00
1.278890848159790039e+00
-2.002098262310028076e-01
9.436849951744079590e-01
-2.051856517791748047e-01
1.278867840766906738e+00
2.747467756271362305e-01
-2.257653713226318359e+00
1.014503836631774902e-01
-3.258748650550842285e-01
-9.741941690444946289e-01
4.801829755306243896e-01
-9.746906161308288574e-01
4.949214458465576172e-01
-1.602451324462890625e+00
1.480993509292602539e+00
2.045816659927368164e+00
-3.014805614948272705e-01
-1.810052245855331421e-01
-2.792117893695831299e-01
1.713300704956054688e+00
-1.398251056671142578e+00
2.165527820587158203e+00
-1.370183587074279785e+00
-1.458200454711914062e+00
-1.012171387672424316e+00
-2.843808531761169434e-01
-5.327656269073486328e-01
5.851738452911376953e-01
1.389030337333679199e+00
-5.532511472702026367e-01
-1.938838601112365723e+00
-1.062086582183837891e+00
-1.503260254859924316e+00
-1.229728460311889648e-01
1.989299416542053223e+00
-1.052292704582214355e+00
1.760833263397216797e+00
1.498178005218505859e+00
-7.264579534530639648e-01
-1.375168800354003906e+00
8.847711682319641113e-01
-3.804121017456054688e-01
6.028302907943725586e-01
5.530047416687011719e-01
-1.873121857643127441e+00
9.405890107154846191e-01
2.182356595993041992e+00
4.494048953056335449e-01
-2.072506666183471680e+00
1.358588337898254395e+00
5.135413408279418945e-01
1.920801252126693726e-01
4.857209622859954834e-01
-3.959484696388244629e-01
-1.232161402702331543e+00
-3.065850496292114258e+00
5.386027693748474121e-01
7.664428353309631348e-01
-1.317948102951049805e+00
1.256647348403930664e+00
-7.762541770935058594e-01
1.355927109718322754e+00
-4.430937767028808594e-02
1.176853656768798828e+00
6.983621716499328613e-01
-8.842627406120300293e-01
1.830532193183898926e+00
-1.484495550394058228e-01
1.078005552291870117e+00
7.936196327209472656e-01
-6.237187385559082031e-01
1.016988635063171387e+00
-3.077891767024993896e-01
-5.487674474716186523e-01
6.369903683662414551e-01
1.773678660392761230e-01
-7.323259115219116211e-01
5.945302844047546387e-01
1.109494119882583618e-01
3.602926731109619141e-01
1.624346017837524414e+00
-4.570659399032592773e-01
-1.230140089988708496e+00
-5.742364525794982910e-01
-7.579889893531799316e-01
-1.106476783752441406e+00
-7.400210499763488770e-01
3.224622964859008789e+00
-1.887218832969665527e+00
-5.439039468765258789e-01
1.969716846942901611e-01
1.856375038623809814e-01
2.332366228103637695e+00
1.120852306485176086e-01
7.459317445755004883e-01
-8.907887339591979980e-01
-9.557250738143920898e-01
-3.488606512546539307e-01
-4.158635437488555908e-01
9.125851392745971680e-01
-4.352123141288757324e-01
1.306143164634704590e+00
1.289209365844726562e+00
-4.294513463973999023e-01
-8.373531699180603027e-01
-1.144635558128356934e+00
1.514966487884521484e+00
