7.747665643692016602e-01
3.645491003990173340e-01
7.290488481521606445e-01
-1.918724030256271362e-01
-5.147256851196289062e-01
7.145294547080993652e-01
-3.421068191528320312e-01
8.834489583969116211e-01
3.308758437633514404e-01
3.673896789550781250e-01
5.779536962509155273e-01
2.342352420091629028e-01
-6.270650625228881836e-01
-7.415056228637695312e-01
1.044582843780517578e+00
-8.155888915061950684e-01
-3.138413429260253906e-01
8.753171563148498535e-01
-1.154226779937744141e+00
-7.590551972389221191e-01
7.998676300048828125e-01
-1.544788837432861328e+00
9.573459029197692871e-01
-1.372363924980163574e+00
-9.588387012481689453e-01
8.351214975118637085e-02
1.720952868461608887e+00
-1.566334843635559082e+00
-2.312289029359817505e-01
1.991999745368957520e-01
5.030277967453002930e-01
3.357156753540039062e+00
-1.870764017105102539e+00
-6.906756758689880371e-01
-1.127669662237167358e-01
-3.725124001502990723e-01
-1.462501287460327148e+00
-2.032859325408935547e+00
-8.764243125915527344e-01
-2.000267505645751953e+00
-1.110545396804809570e+00
9.749420285224914551e-01
1.339032411575317383e+00
7.619962096214294434e-01
-8.495364785194396973e-01
1.105409979820251465e+00
1.343752145767211914e+00
1.482360601425170898e+00
-1.314697146415710449e+00
-2.198950052261352539e-01
3.778578341007232666e-01
-2.483183860778808594e+00
-1.830056160688400269e-01
-7.999105453491210938e-01
-1.303557753562927246e-01
6.434199959039688110e-02
1.546886563301086426e+00
5.456852912902832031e-01
1.915704488754272461e+00
2.855267226696014404e-01
-1.952583491802215576e-01
2.655848026275634766e+00
1.719482541084289551e+00
1.793948292732238770e+00
-5.089393854141235352e-01
7.045670151710510254e-01
-1.371898293495178223e+00
6.178306788206100464e-02
-1.385862708091735840e+00
-1.901380181312561035e+00
2.685385465621948242e+00
7.173195481300354004e-02
1.183410167694091797e+00
1.916762590408325195e-01
1.266389369964599609e+00
-1.919595837593078613e+00
-1.081313863396644592e-01
-1.212431430816650391e+00
-2.488752603530883789e-01
-2.145470142364501953e+00
-8.389772176742553711e-01
-8.915694355964660645e-01
-2.285757780075073242e+00
-4.488056898117065430e-02
3.250145912170410156e+00
-2.057151496410369873e-01
-1.153568863868713379e+00
1.046576261520385742e+00
-1.438209414482116699e+00
-1.760293543338775635e-02
3.803595542907714844e+00
-2.450990676879882812e+00
4.372668266296386719e-01
8.502334356307983398e-01
4.954141080379486084e-01
2.610397934913635254e-01
2.154715776443481445e+00
1.018182754516601562e+00
-8.656096458435058594e-02
1.780597865581512451e-01
-5.813408493995666504e-01
-3.193726241588592529e-01
-5.784122943878173828e-01
-1.734513640403747559e-01
1.988665938377380371e+00
1.636345386505126953e+00
-9.602191448211669922e-01
1.232987880706787109e+00
2.044176816940307617e+00
-8.443611860275268555e-01
1.070614218711853027e+00
-8.699250221252441406e-01
-1.867636322975158691e+00
-3.256930112838745117e+00
-3.128054738044738770e-01
-1.308535784482955933e-01
-1.315585970878601074e-01
3.954761624336242676e-01
-1.175561785697937012e+00
6.232821941375732422e-01
4.717715084552764893e-02
-5.395984053611755371e-01
-5.476380586624145508e-01
-2.084578514099121094e+00
6.737267971038818359e-02
-1.158324956893920898e+00
4.147231578826904297e-02
-4.304329156875610352e-01
