5.192920565605163574e-03
-1.091357707977294922e+00
-7.357147336006164551e-01
-3.097182989120483398e+00
1.048936247825622559e+00
2.446001917123794556e-01
2.639703035354614258e+00
-5.076688528060913086e-01
1.243939518928527832e+00
-1.660050749778747559e+00
-1.234224557876586914e+00
-1.254491090774536133e+00
2.214190959930419922e-01
-2.219941280782222748e-02
-6.469020843505859375e-01
1.699620485305786133e+00
2.223094999790191650e-01
-4.790096580982208252e-01
-1.486726760864257812e+00
1.892716646194458008e+00
-4.575187265872955322e-01
1.651197373867034912e-01
-6.386976838111877441e-01
2.307879924774169922e+00
-4.951017796993255615e-01
-9.651638865470886230e-01
6.136261224746704102e-01
4.755387902259826660e-01
-5.377267599105834961e-01
6.147031188011169434e-01
-8.633247017860412598e-02
-1.800426125526428223e+00
2.905564010143280029e-01
9.164377450942993164e-01
7.306689620018005371e-01
-3.093189746141433716e-02
-1.808367520570755005e-01
7.890909910202026367e-05
-5.032280087471008301e-02
-2.627288103103637695e-01
7.387043237686157227e-01
1.849800229072570801e+00
1.109848737716674805e+00
2.169821262359619141e-01
-3.328621685504913330e-01
-3.178096771240234375e+00
6.619302034378051758e-01
2.663875579833984375e+00
-9.910391271114349365e-02
1.511840939521789551e+00
1.443869590759277344e+00
-1.664278864860534668e+00
-2.365384846925735474e-01
3.050275743007659912e-01
1.233236789703369141e+00
-1.690371870994567871e+00
6.351847648620605469e-01
2.611713409423828125e-01
-5.975241661071777344e-01
1.333219289779663086e+00
-5.119860768318176270e-01
-1.010127425193786621e+00
1.033148050308227539e+00
1.796283006668090820e+00
1.254413604736328125e+00
4.250039458274841309e-01
6.726762652397155762e-01
1.046353578567504883e+00
-7.028625011444091797e-01
-5.289247632026672363e-01
-1.736737787723541260e-03
-1.996375918388366699e-01
-1.274900197982788086e+00
-7.053030729293823242e-01
-8.481723070144653320e-01
-1.018556594848632812e+00
-7.443007230758666992e-01
5.062530040740966797e-01
-8.220517635345458984e-02
-3.470533609390258789e+00
-5.250570774078369141e-01
-3.259041905403137207e-01
-1.398391127586364746e-01
-7.966234683990478516e-01
3.437139511108398438e+00
6.115372776985168457e-01
1.310154423117637634e-02
1.972290158271789551e+00
-1.729233562946319580e-01
-2.074666261672973633e+00
-2.215123921632766724e-02
-1.364736080169677734e+00
-1.843451738357543945e+00
-5.903710126876831055e-01
8.951591253280639648e-01
4.372400790452957153e-02
7.407315969467163086e-01
2.096019983291625977e-01
6.562020778656005859e-01
1.450736999511718750e+00
7.613669037818908691e-01
2.263039797544479370e-01
-1.543968796730041504e+00
1.388442635536193848e+00
1.188995242118835449e+00
-3.017587661743164062e-01
-1.669706255197525024e-01
2.289528846740722656e-01
1.724594712257385254e+00
-2.778136253356933594e+00
7.166571617126464844e-01
-2.406487226486206055e+00
-7.890324592590332031e-01
8.886450529098510742e-02
1.751148581504821777e+00
1.974910020828247070e+00
-8.344669938087463379e-01
-1.408027172088623047e+00
-1.072333455085754395e+00
1.836101412773132324e+00
2.468204259872436523e+00
-1.283744096755981445e+00
-6.146903634071350098e-01
-1.505822539329528809e+00
9.871006011962890625e-02
-2.381240367889404297e+00
5.476281642913818359e-01
-3.776887953281402588e-01
