-4.041930735111236572e-01
-1.271440982818603516e+00
-6.076612472534179688e-01
2.208863496780395508e-01
1.034579157829284668e+00
4.803839325904846191e-01
9.764772057533264160e-01
4.986805915832519531e-01
-9.357395172119140625e-01
7.757627367973327637e-01
3.500302135944366455e-01
6.970500946044921875e-01
-1.690436601638793945e-01
-5.324997901916503906e-01
3.257218599319458008e-01
1.589816093444824219e+00
9.919962882995605469e-01
2.016737937927246094e+00
2.424868196249008179e-01
1.757742643356323242e+00
-1.645720720291137695e+00
-8.128263354301452637e-01
1.927254676818847656e+00
9.161644577980041504e-01
1.247808456420898438e+00
-1.019605875015258789e+00
1.518993496894836426e+00
-2.661283254623413086e+00
-1.111989736557006836e+00
2.364009857177734375e+00
6.426978111267089844e-01
5.081377029418945312e-01
-1.061239391565322876e-01
1.704620122909545898e-01
-4.341070055961608887e-01
7.488305568695068359e-01
-1.075301989912986755e-01
-1.043011397123336792e-01
-1.404806733131408691e+00
2.730691432952880859e-01
7.022826671600341797e-01
-8.617226481437683105e-01
1.297291755676269531e+00
-3.136870265007019043e-02
1.322259306907653809e+00
-5.029338002204895020e-01
-1.542157292366027832e+00
-9.131497144699096680e-01
1.792223930358886719e+00
6.181762814521789551e-01
4.512471258640289307e-01
-1.384851217269897461e+00
1.728799939155578613e-02
-1.244820237159729004e+00
8.296175301074981689e-02
-2.323403805494308472e-01
-2.776392996311187744e-01
1.834507286548614502e-01
-2.232278883457183838e-01
1.809427976608276367e+00
-6.792947053909301758e-01
1.824357986450195312e+00
9.722715616226196289e-01
-9.807229042053222656e-01
-1.689757943153381348e+00
-1.304060816764831543e+00
-6.040707826614379883e-01
1.938671588897705078e+00
-2.217339575290679932e-01
1.080725312232971191e+00
2.043597459793090820e+00
-7.511115074157714844e-01
1.452735304832458496e+00
1.590934038162231445e+00
2.272057533264160156e-02
-2.180391550064086914e+00
-1.030326485633850098e+00
-1.769910812377929688e+00
7.584217190742492676e-01
1.540311098098754883e+00
8.488284945487976074e-01
-2.032059580087661743e-01
-1.021649360656738281e+00
-8.276530504226684570e-01
1.540483832359313965e+00
-2.701802492141723633e+00
-3.982623815536499023e-01
-9.991018772125244141e-01
6.749773621559143066e-01
7.692026495933532715e-01
1.330805301666259766e+00
-1.347686767578125000e+00
4.920552968978881836e-01
-8.360531330108642578e-01
2.965264022350311279e-02
-1.054578572511672974e-01
-1.577626317739486694e-01
-1.369366645812988281e+00
-1.617541074752807617e+00
-1.519966244697570801e+00
-3.261400759220123291e-01
-1.012362837791442871e-01
-3.180772364139556885e-01
3.396208286285400391e-01
5.771059393882751465e-01
-5.472827553749084473e-01
1.506750583648681641e+00
2.769587635993957520e-01
3.246408998966217041e-01
4.018272757530212402e-01
4.049193859100341797e-01
4.212321341037750244e-01
-1.382923364639282227e+00
-7.544332742691040039e-02
-2.053148746490478516e+00
-2.456479310989379883e+00
1.207491755485534668e+00
-9.715616703033447266e-01
-8.742536306381225586e-01
-7.342129945755004883e-01
-1.407961130142211914e+00
-1.127792119979858398e+00
1.317613124847412109e+00
-1.479974031448364258e+00
-1.057173252105712891e+00
5.963225960731506348e-01
-9.993931651115417480e-02
-1.667015552520751953e-01
