-1.431082725524902344e+00
4.479894340038299561e-01
-1.306487321853637695e-01
-1.049473047256469727e+00
-4.444440305233001709e-01
1.464737415313720703e+00
-6.109203100204467773e-01
5.063151717185974121e-01
-1.691710591316223145e+00
-2.851931452751159668e-01
-5.139473676681518555e-01
-2.552889660000801086e-02
-1.491656184196472168e+00
-9.455611705780029297e-01
1.033670783042907715e+00
-1.562442302703857422e+00
-3.645872473716735840e-01
6.305873394012451172e-01
1.038262993097305298e-01
-7.221426069736480713e-02
-3.381178677082061768e-01
-7.194544374942779541e-02
-8.411216735839843750e-02
2.075048685073852539e+00
-1.317030549049377441e+00
3.872159495949745178e-02
-1.390457272529602051e+00
6.993719339370727539e-01
1.677041053771972656e+00
1.192172288894653320e+00
-6.022629141807556152e-01
2.599306106567382812e+00
4.418173730373382568e-01
1.511620998382568359e+00
-9.998315572738647461e-02
4.565558135509490967e-01
5.727350711822509766e-01
6.838911771774291992e-01
1.712839603424072266e+00
2.854982614517211914e-01
2.394586086273193359e+00
2.868807613849639893e-01
2.523409366607666016e+00
7.947736382484436035e-01
-9.993025064468383789e-01
-1.309614419937133789e+00
-8.950415849685668945e-01
-5.566186308860778809e-01
-9.919002652168273926e-03
-1.448689699172973633e+00
-4.594540894031524658e-01
-3.026879131793975830e-01
-8.738680928945541382e-02
1.012841701507568359e+00
-6.265919208526611328e-01
3.229397773742675781e+00
4.215393066406250000e-01
7.439898848533630371e-01
-1.602014422416687012e+00
5.707022547721862793e-01
-7.278771996498107910e-01
-3.227777779102325439e-02
-5.533569455146789551e-01
1.489723026752471924e-01
-5.812754631042480469e-01
-2.796268939971923828e+00
6.722355484962463379e-01
-4.915062487125396729e-01
1.402646422386169434e+00
-2.437959313392639160e-01
1.005719751119613647e-01
1.095857501029968262e+00
5.674648284912109375e-01
5.348941087722778320e-01
9.853359311819076538e-02
-1.272901296615600586e+00
3.533200621604919434e-01
-1.785966992378234863e+00
-2.401108264923095703e+00
-8.554334640502929688e-01
2.739847898483276367e-01
-1.828903555870056152e+00
1.569310665130615234e+00
-4.759801924228668213e-01
1.350738644599914551e+00
-8.373936414718627930e-01
-4.470639824867248535e-01
-5.348519682884216309e-01
-8.962160348892211914e-01
-1.259415894746780396e-01
-4.773598909378051758e-01
1.202051937580108643e-01
-1.702952265739440918e+00
4.372435212135314941e-01
4.476273357868194580e-01
-5.487191677093505859e-01
-3.742052316665649414e-01
5.669350028038024902e-01
1.552758693695068359e+00
9.034324884414672852e-01
-1.594821333885192871e+00
7.915173768997192383e-01
-4.096649885177612305e-01
7.569216489791870117e-01
-3.155696392059326172e+00
4.439036250114440918e-01
-1.301206648349761963e-03
-9.473209381103515625e-01
1.101438924670219421e-01
-1.216632485389709473e+00
-2.121389210224151611e-01
-2.552909255027770996e-01
5.503785610198974609e-01
8.345142602920532227e-01
3.716143846511840820e+00
1.776280105113983154e-01
-2.363316118717193604e-01
-1.270657896995544434e+00
-1.137791514396667480e+00
3.488143205642700195e+00
5.284852981567382812e-01
-8.034166097640991211e-01
-1.479647040367126465e+00
-3.842393755912780762e-01
-7.821760177612304688e-01
1.059572100639343262e+00
-1.352638483047485352e+00
-9.107774496078491211e-01
