5.030306428670883179e-02
3.050897717475891113e-01
5.930888652801513672e-01
-2.018017321825027466e-01
5.482957363128662109e-01
-7.716128826141357422e-01
-9.602907299995422363e-01
6.957806944847106934e-01
-8.717492222785949707e-02
2.409104555845260620e-01
1.170496225357055664e+00
-7.285224199295043945e-01
-1.703331589698791504e+00
-1.410675883293151855e+00
1.061194300651550293e+00
-7.292643785476684570e-01
-1.713633537292480469e+00
1.045583963394165039e+00
1.534160017967224121e+00
-1.310504913330078125e+00
1.419004678726196289e+00
-1.144875884056091309e+00
-1.257497310638427734e+00
7.321161627769470215e-01
-8.193819522857666016e-01
-2.221851587295532227e+00
3.910953998565673828e-01
5.748914480209350586e-01
-2.143650352954864502e-01
-3.113697469234466553e-01
-3.225691318511962891e-01
1.868314385414123535e+00
-2.317408800125122070e+00
1.700750946998596191e+00
2.189401388168334961e+00
3.490374386310577393e-01
-2.794681787490844727e-01
-1.368493914604187012e+00
9.834792017936706543e-01
-5.901691317558288574e-01
-2.767956256866455078e-02
2.424907088279724121e-01
2.129561185836791992e+00
3.491231203079223633e-01
8.259655237197875977e-01
-9.305887222290039062e-01
-9.140137434005737305e-01
2.548890590667724609e+00
-1.536091089248657227e+00
1.930720448493957520e+00
2.046787261962890625e+00
-4.563734829425811768e-01
1.591923594474792480e+00
-3.006815612316131592e-01
1.298431992530822754e+00
-9.028182029724121094e-01
1.673093199729919434e+00
2.547685503959655762e-01
2.555611133575439453e+00
1.765244483947753906e+00
-1.031229615211486816e+00
8.773705363273620605e-01
1.315121293067932129e+00
-4.945348203182220459e-01
2.071888744831085205e-01
-2.164870947599411011e-01
-3.195482492446899414e-02
1.636293649673461914e+00
-8.597151637077331543e-01
1.022943481802940369e-01
6.453020572662353516e-01
1.279374837875366211e+00
-9.670289754867553711e-01
-6.157013177871704102e-01
-6.158055067062377930e-01
-6.217673420906066895e-01
-1.665394753217697144e-01
1.800341308116912842e-01
-1.858600378036499023e+00
-2.349476337432861328e+00
1.776942461729049683e-01
-2.190176695585250854e-01
4.087323322892189026e-02
-4.344911575317382812e-01
2.890467405319213867e+00
-9.695417881011962891e-01
2.486936002969741821e-01
2.122371435165405273e+00
3.189313411712646484e-01
-1.954001545906066895e+00
2.230649441480636597e-01
-1.994614243507385254e+00
8.556475043296813965e-01
3.856993913650512695e-01
2.048678398132324219e-01
-8.360173702239990234e-01
1.390044093132019043e+00
-7.559164762496948242e-01
5.043981075286865234e-01
-9.638176858425140381e-02
7.130514383316040039e-01
4.005132675170898438e+00
-1.326101064682006836e+00
7.505668699741363525e-02
-7.808169722557067871e-02
1.030534505844116211e+00
-2.154263496398925781e+00
6.476584672927856445e-01
6.818784475326538086e-01
-4.995607435703277588e-01
2.535308599472045898e-01
-1.701566696166992188e+00
-1.507581949234008789e+00
-3.371812582015991211e+00
5.769364833831787109e-01
-2.315210103988647461e+00
-7.725641131401062012e-01
4.389622807502746582e-02
-1.064602017402648926e+00
6.851603090763092041e-02
-1.055568695068359375e+00
-9.448922872543334961e-01
-4.740578830242156982e-01
-1.075183153152465820e+00
-6.489956378936767578e-02
1.524037271738052368e-01
-8.364814519882202148e-01
-1.726675510406494141e+00
