5.302561074495315552e-02
-2.743412554264068604e-01
-2.208190709352493286e-01
-1.878626793622970581e-01
-1.816655039787292480e+00
1.493372023105621338e-01
-7.234418392181396484e-01
7.384775876998901367e-01
8.600119948387145996e-01
-1.428484082221984863e+00
-9.078507125377655029e-02
1.935633063316345215e+00
-1.762766242027282715e+00
1.572802424430847168e+00
-1.328200846910476685e-02
-1.765333890914916992e+00
3.805403709411621094e-01
1.277201294898986816e+00
-6.017649173736572266e-01
-6.260694265365600586e-01
2.756982445716857910e-01
-6.575019955635070801e-01
4.910845160484313965e-01
1.476294398307800293e-01
-7.318786382675170898e-01
-3.848711401224136353e-02
-2.626300156116485596e-01
-1.072621941566467285e+00
1.699196457862854004e+00
-1.171851873397827148e+00
1.274510502815246582e+00
8.261516094207763672e-01
-8.013222217559814453e-01
7.307205200195312500e-01
-1.423133373260498047e+00
-7.768386602401733398e-01
-1.555261254310607910e+00
1.314298987388610840e+00
-2.660639524459838867e+00
-1.445606470108032227e+00
-6.809837222099304199e-01
-4.614931344985961914e-01
1.004720449447631836e+00
7.463867664337158203e-01
8.080187439918518066e-01
1.500872254371643066e+00
1.516356587409973145e+00
2.430154085159301758e-01
7.185775637626647949e-01
1.210317373275756836e+00
-1.055169701576232910e+00
4.773166179656982422e-01
9.056972265243530273e-01
7.000128626823425293e-01
-1.487042605876922607e-01
1.516602039337158203e-01
-9.922051429748535156e-01
1.762281954288482666e-01
-5.450210571289062500e-01
7.090966701507568359e-01
-1.916959404945373535e+00
2.714704275131225586e+00
-1.237094044685363770e+00
4.047598540782928467e-01
1.093992352485656738e+00
-1.809812068939208984e+00
9.707520157098770142e-02
-1.339456677436828613e+00
-2.271575778722763062e-01
9.092953205108642578e-01
3.007316112518310547e+00
1.181671500205993652e+00
-3.148438036441802979e-02
6.374027729034423828e-01
1.816641688346862793e+00
1.551295638084411621e+00
1.580770373344421387e+00
2.205420017242431641e+00
-2.046282052993774414e+00
-2.423965454101562500e+00
-8.700863718986511230e-01
2.945379912853240967e-02
-7.989434003829956055e-01
1.807183027267456055e+00
3.753209114074707031e-01
-2.067712068557739258e+00
4.178929328918457031e-01
-1.996623754501342773e+00
-5.776398181915283203e-01
1.760011613368988037e-01
2.797706723213195801e-01
1.194692015647888184e+00
-2.096442937850952148e+00
3.420240640640258789e+00
4.871614873409271240e-01
-1.263669848442077637e+00
1.049099683761596680e+00
-8.247309923171997070e-01
5.082092881202697754e-01
7.453697323799133301e-01
-1.529274702072143555e+00
1.052733212709426880e-01
-1.293196320533752441e+00
4.626402258872985840e-01
2.280475139617919922e+00
1.079124286770820618e-01
-1.337344199419021606e-01
-1.544016957283020020e+00
-2.616051733493804932e-01
-2.406928062438964844e+00
2.450987696647644043e-02
-9.626877307891845703e-01
1.950997114181518555e+00
5.500669479370117188e-01
8.784224987030029297e-01
-3.764414787292480469e-01
-4.829654693603515625e-01
-8.892066478729248047e-01
1.439786791801452637e+00
-2.228901833295822144e-01
-4.479380846023559570e-01
4.993955790996551514e-01
-1.092117309570312500e+00
8.457770943641662598e-02
-9.489150047302246094e-01
-1.401700496673583984e+00
-5.092924833297729492e-01
-7.403942942619323730e-01
