-6.608399748802185059e-02
-1.809195041656494141e+00
-4.679471850395202637e-01
3.502055257558822632e-02
1.281451284885406494e-01
-1.213909029960632324e+00
1.188303828239440918e+00
7.976546287536621094e-01
1.123894691467285156e+00
-4.627872109413146973e-01
7.830120325088500977e-01
9.395433664321899414e-01
-8.339827060699462891e-01
-5.496481060981750488e-01
5.232641100883483887e-01
-6.216117143630981445e-01
4.686299562454223633e-01
2.474588006734848022e-01
7.718075513839721680e-01
1.124673843383789062e+00
-2.299448490142822266e+00
5.810412168502807617e-01
1.614030361175537109e+00
1.133744478225708008e+00
-2.608813285827636719e+00
1.127505898475646973e+00
1.577720522880554199e+00
-6.689008474349975586e-01
-1.112388595938682556e-01
-1.332635730504989624e-01
-2.437266707420349121e-01
-7.616227865219116211e-01
-4.160582721233367920e-01
9.409683942794799805e-01
-2.274825096130371094e+00
1.543263912200927734e+00
1.858504891395568848e+00
-4.038205146789550781e+00
4.593123197555541992e-01
-1.241707801818847656e+00
-7.036878466606140137e-01
-2.426290810108184814e-01
1.872668981552124023e+00
4.332049489021301270e-01
-1.468984782695770264e-01
4.836326837539672852e-01
2.723347544670104980e-01
8.843120336532592773e-01
5.436866283416748047e-01
-3.032588362693786621e-01
-4.138326942920684814e-01
-1.794868350028991699e+00
9.389934539794921875e-01
-1.352891802787780762e+00
7.405175566673278809e-01
3.368547558784484863e-01
-1.467440128326416016e-01
1.470209836959838867e+00
1.623184084892272949e+00
-1.238574028015136719e+00
-6.075720191001892090e-01
-6.664408445358276367e-01
-8.203816413879394531e-01
4.805107414722442627e-02
1.160222411155700684e+00
-4.520840048789978027e-01
-1.150465309619903564e-01
-1.935582399368286133e+00
-2.928220629692077637e-01
-2.567495405673980713e-01
7.842363715171813965e-01
-3.255700469017028809e-01
6.448308825492858887e-01
2.741300165653228760e-01
-2.566403627395629883e+00
-1.259032130241394043e+00
-2.066383600234985352e+00
1.075139045715332031e+00
5.775851011276245117e-01
-3.712289035320281982e-01
3.387942910194396973e-02
-1.907922625541687012e+00
1.717988967895507812e+00
1.533093690872192383e+00
-6.493785381317138672e-01
1.841551303863525391e+00
1.577118873596191406e+00
7.464321702718734741e-02
1.315245747566223145e+00
1.749067187309265137e+00
-8.517950177192687988e-01
-7.472460865974426270e-01
-6.488739252090454102e-01
3.745975196361541748e-01
-4.667863547801971436e-01
1.714123606681823730e+00
-7.792143225669860840e-01
7.159484624862670898e-01
9.698541462421417236e-02
5.802140235900878906e-01
-6.198296546936035156e-01
-1.058464407920837402e+00
1.179775238037109375e+00
-2.579765617847442627e-01
1.569908499717712402e+00
9.756190329790115356e-02
-2.429814577102661133e+00
-1.247000694274902344e+00
1.857812404632568359e+00
-1.373987317085266113e+00
-6.874210834503173828e-01
-8.631503582000732422e-01
6.499166488647460938e-01
2.324947595596313477e+00
3.744929432868957520e-01
3.984891176223754883e-01
-8.853868842124938965e-01
-4.606072902679443359e-01
1.597260832786560059e-01
-1.102978348731994629e+00
-1.181497573852539062e+00
6.268963813781738281e-01
1.741872072219848633e+00
-1.018069505691528320e+00
-7.009773254394531250e-01
-1.525872707366943359e+00
-1.677480101585388184e+00
1.463012218475341797e+00
