2.978857159614562988e-01
-1.130224227905273438e+00
-3.308934569358825684e-01
6.801083087921142578e-01
9.968976974487304688e-01
1.105995416641235352e+00
1.477353811264038086e+00
1.645405888557434082e-01
-1.463293552398681641e+00
7.033472061157226562e-01
-1.734634757041931152e+00
9.879070520401000977e-01
-1.009128808975219727e+00
-1.016835331916809082e+00
-1.631500601768493652e+00
-1.416734457015991211e-01
7.892886996269226074e-01
-2.544274926185607910e-02
-1.255866289138793945e-01
7.294595241546630859e-01
1.868435740470886230e-01
6.836936473846435547e-01
1.320238113403320312e+00
1.988434076309204102e+00
-6.718745231628417969e-01
-1.553707361221313477e+00
-7.361804246902465820e-01
-2.264499187469482422e+00
1.404067277908325195e+00
7.657012343406677246e-02
1.901911854743957520e+00
1.507758855819702148e+00
-6.616260409355163574e-01
-1.275497436523437500e+00
-3.374932110309600830e-01
2.839842557907104492e+00
8.592468500137329102e-02
-2.631509602069854736e-01
-5.886116027832031250e-01
-1.067094922065734863e+00
1.538480281829833984e+00
-6.856297254562377930e-01
1.066627979278564453e+00
5.659019947052001953e-01
-1.440103173255920410e+00
-6.006890535354614258e-01
3.583579063415527344e-01
-1.708137869834899902e+00
1.682665228843688965e+00
-5.530779361724853516e-01
-4.275771081447601318e-01
-1.839294791221618652e+00
-1.831044793128967285e+00
-1.740121006965637207e+00
1.775817036628723145e+00
1.293962001800537109e-01
-1.039372920989990234e+00
-8.381921648979187012e-01
1.221114039421081543e+00
2.287349104881286621e-01
9.372029304504394531e-01
1.523618340492248535e+00
1.574927687644958496e+00
-3.251046240329742432e-01
1.177335500717163086e+00
-1.140229403972625732e-03
-1.929266750812530518e-02
1.993127465248107910e-01
5.721465349197387695e-01
9.121771454811096191e-01
-1.458402514457702637e+00
1.677066206932067871e+00
2.867279648780822754e-01
5.310372114181518555e-01
-1.289500713348388672e+00
-8.552054166793823242e-01
-2.255464553833007812e+00
1.559592634439468384e-01
4.898670315742492676e-01
-8.538262844085693359e-01
-1.230910867452621460e-01
-1.053451657295227051e+00
-1.959585189819335938e+00
-3.675391674041748047e-01
1.208668351173400879e+00
7.910229563713073730e-01
-1.203405261039733887e+00
-6.711591780185699463e-02
-5.353631973266601562e-01
1.690528035163879395e+00
1.373783469200134277e+00
-1.540737867355346680e+00
-4.029196798801422119e-01
-2.461914777755737305e+00
-1.205553412437438965e-01
-1.029684424400329590e+00
-1.577679991722106934e+00
3.417140841484069824e-01
1.326871216297149658e-01
-1.012569546699523926e+00
4.768156111240386963e-01
1.779831528663635254e+00
1.072943687438964844e+00
1.645058631896972656e+00
1.500199675559997559e+00
-1.117884397506713867e+00
-2.280750513076782227e+00
4.988659918308258057e-01
-3.466275036334991455e-01
-1.522317171096801758e+00
1.251134872436523438e+00
-1.354051828384399414e-01
2.140592098236083984e+00
2.623956918716430664e+00
-1.143891885876655579e-01
-1.631546497344970703e+00
-8.085437417030334473e-01
-7.029989957809448242e-01
-4.179214537143707275e-01
1.576004743576049805e+00
7.639889717102050781e-01
-1.756199717521667480e+00
1.094365715980529785e+00
1.242107152938842773e+00
-2.917751073837280273e-01
-8.277391195297241211e-01
-1.023168563842773438e-01
-2.226943016052246094e+00
