-9.440511465072631836e-03
-4.023386836051940918e-01
9.887889027595520020e-01
7.036118507385253906e-01
4.563935697078704834e-01
-9.572349488735198975e-02
-7.014181017875671387e-01
-5.426954030990600586e-01
-1.418238401412963867e+00
-9.597933292388916016e-01
2.119893431663513184e-01
7.356392741203308105e-01
3.344191312789916992e+00
2.720592021942138672e-01
-9.378185868263244629e-02
-5.001362562179565430e-01
-1.353175401687622070e+00
8.099109530448913574e-01
1.573118448257446289e+00
8.735576272010803223e-02
-1.456322669982910156e+00
-6.627594232559204102e-01
1.113804817199707031e+00
6.239947676658630371e-01
-1.990502715110778809e+00
-7.299982905387878418e-01
2.868193089962005615e-01
1.558191895484924316e+00
-1.365779280662536621e+00
2.052752971649169922e-01
-1.725760400295257568e-01
-9.734632372856140137e-01
-2.496918916702270508e+00
2.168980360031127930e+00
-4.204756021499633789e-01
1.865211844444274902e+00
-8.052136301994323730e-01
7.677933573722839355e-01
-1.784248471260070801e+00
1.415300607681274414e+00
2.860361337661743164e-01
1.039232134819030762e+00
1.770522117614746094e+00
5.996245741844177246e-01
-2.035202503204345703e+00
-4.589207172393798828e-01
-1.715088486671447754e+00
1.716744184494018555e+00
6.058350205421447754e-01
9.156933426856994629e-01
4.571686387062072754e-01
-2.572905063629150391e+00
1.705335736274719238e+00
-3.825813233852386475e-01
-4.594452679157257080e-01
3.211265206336975098e-01
2.365174144506454468e-01
1.236355066299438477e+00
-1.883156299591064453e-01
1.227542877197265625e+00
2.114640176296234131e-01
-6.762720346450805664e-01
5.897977352142333984e-01
-2.035203218460083008e+00
6.046001911163330078e-01
-6.959943771362304688e-01
3.934588432312011719e-01
2.321458816528320312e+00
8.314582705497741699e-01
9.191135168075561523e-01
7.578685283660888672e-01
1.062081933021545410e+00
-8.716816902160644531e-01
1.018803358078002930e+00
-5.097285509109497070e-01
-4.055251777172088623e-01
-8.003875613212585449e-01
-3.817302882671356201e-01
5.443935990333557129e-01
-3.340373039245605469e-01
-3.380354642868041992e-01
-1.216551184654235840e+00
1.592766404151916504e+00
4.739058613777160645e-01
1.859194159507751465e+00
-9.737696051597595215e-01
-6.772625446319580078e-01
-1.547905683517456055e+00
4.875727593898773193e-01
-3.704983592033386230e-01
3.158535957336425781e+00
1.197448492050170898e+00
7.922847270965576172e-01
-2.863937616348266602e-02
1.761228203773498535e+00
2.578234195709228516e+00
-1.852028816938400269e-01
-1.044130802154541016e+00
-1.360856533050537109e+00
4.630774855613708496e-01
-2.088814258575439453e+00
5.325513482093811035e-01
-6.576732397079467773e-01
8.046052455902099609e-01
-2.519397974014282227e+00
-8.482671976089477539e-01
9.853247404098510742e-01
-9.665757417678833008e-01
-2.071729153394699097e-01
-6.856125593185424805e-02
-1.699319183826446533e-01
-3.844745755195617676e-01
-5.170920491218566895e-01
-2.518051564693450928e-01
1.660106658935546875e+00
-2.243202924728393555e+00
6.331406831741333008e-01
-1.887979626655578613e+00
-3.990043997764587402e-01
-5.436065196990966797e-01
-1.456671237945556641e+00
-2.125627100467681885e-01
-7.814815640449523926e-02
-1.491602420806884766e+00
-9.183707237243652344e-01
-6.118571758270263672e-01
-4.255905151367187500e-01
-1.802065610885620117e+00
