-2.726991891860961914e+00
-1.255359888076782227e+00
-5.464583635330200195e-01
1.477048099040985107e-01
1.022686243057250977e+00
1.176858782768249512e+00
-1.183865547180175781e+00
9.462219476699829102e-01
1.695508837699890137e+00
-8.873781561851501465e-01
-1.034003376960754395e+00
-5.620579719543457031e-01
-5.610193014144897461e-01
1.566964387893676758e+00
3.731030225753784180e-02
-4.280845820903778076e-01
-1.138426780700683594e+00
2.488248199224472046e-01
2.091265201568603516e+00
1.416411876678466797e+00
-8.207919597625732422e-01
1.398603200912475586e+00
8.820449709892272949e-01
7.658602595329284668e-01
-2.363954544067382812e+00
6.430010199546813965e-01
1.964253664016723633e+00
7.302478551864624023e-01
2.250292301177978516e+00
1.720472335815429688e+00
-2.607065141201019287e-01
-7.978271245956420898e-01
3.999265134334564209e-01
2.690339088439941406e-01
-5.476836562156677246e-01
3.131598532199859619e-01
1.137508034706115723e+00
-1.293754100799560547e+00
1.021993637084960938e+00
-8.860517740249633789e-01
-1.836443424224853516e+00
2.370831966400146484e-01
2.004322767257690430e+00
3.188254237174987793e-01
-9.253354072570800781e-01
-3.429270982742309570e-01
1.129180669784545898e+00
-1.079086184501647949e+00
1.026513934135437012e+00
1.452092409133911133e+00
-1.015672445297241211e+00
5.988180637359619141e-01
-3.372822999954223633e-01
-7.641791105270385742e-01
1.073861122131347656e+00
4.450368881225585938e-01
-2.490245997905731201e-01
2.229653596878051758e+00
8.211880326271057129e-01
5.738300085067749023e-02
-4.296530485153198242e-01
2.011803865432739258e+00
-2.923227548599243164e-01
-2.081071853637695312e+00
2.328711032867431641e+00
1.091164708137512207e+00
-1.574333429336547852e+00
-1.132160425186157227e+00
-3.879075646400451660e-01
-4.818276464939117432e-01
-3.667642474174499512e-01
4.604260325431823730e-01
7.042602300643920898e-01
1.280848622322082520e+00
1.150211215019226074e+00
-6.877966225147247314e-02
-1.339857339859008789e+00
6.729044914245605469e-01
8.052300810813903809e-01
2.579126954078674316e-01
-7.137022018432617188e-01
-9.804201722145080566e-01
3.138580918312072754e-01
4.520418047904968262e-01
2.556874752044677734e-01
1.705797553062438965e+00
1.707029819488525391e+00
-8.173003196716308594e-01
-2.333300828933715820e+00
-1.091010421514511108e-01
-8.849854022264480591e-02
-1.307686805725097656e+00
-9.668795466423034668e-01
9.426414966583251953e-02
-1.536995887756347656e+00
-1.227074742317199707e+00
-3.858336806297302246e-01
-5.958611369132995605e-01
-2.209787130355834961e+00
-6.337492465972900391e-01
-3.076938092708587646e-01
5.720356702804565430e-01
5.280695855617523193e-02
9.631578922271728516e-01
1.150724053382873535e+00
-1.726894140243530273e+00
-2.016004323959350586e+00
4.665751010179519653e-02
-8.736524581909179688e-01
-3.797065973281860352e+00
5.438871979713439941e-01
-5.998169779777526855e-01
1.653494238853454590e-01
2.233905196189880371e-01
5.095338821411132812e-01
-7.818918824195861816e-01
1.330903768539428711e-01
8.042104244232177734e-01
7.694596052169799805e-01
-5.241643190383911133e-01
4.100376367568969727e-01
8.196063637733459473e-01
-1.385372519493103027e+00
-1.686276912689208984e+00
-8.077621459960937500e-01
-1.022427916526794434e+00
-6.792756915092468262e-02
-2.995249330997467041e-01
