-1.475898981094360352e+00
-4.091368317604064941e-01
1.630849242210388184e-01
1.845494359731674194e-01
-9.208897352218627930e-01
1.287887692451477051e+00
-1.562316298484802246e+00
4.433513879776000977e-01
-2.155022695660591125e-02
-1.484171986579895020e+00
2.476365804672241211e+00
6.002137660980224609e-01
-2.058474302291870117e+00
4.272876381874084473e-01
-4.005367681384086609e-02
-6.505825519561767578e-01
9.162718057632446289e-01
9.688200354576110840e-01
-5.071523189544677734e-01
3.837739229202270508e-01
-6.005300283432006836e-01
1.252236127853393555e+00
3.741873502731323242e-01
-2.280460596084594727e-01
-1.063342928886413574e+00
-1.149760127067565918e+00
1.908489108085632324e+00
-6.147484183311462402e-01
1.927068114280700684e+00
-1.336186826229095459e-01
3.089944422245025635e-01
-1.592112541198730469e+00
8.482238650321960449e-02
-9.136465787887573242e-01
-2.595817327499389648e+00
5.313155651092529297e-01
9.278354048728942871e-01
-1.231095552444458008e+00
-1.019307374954223633e+00
-5.756214261054992676e-01
-4.623878002166748047e-01
2.531229853630065918e-01
1.870786905288696289e+00
1.388905763626098633e+00
2.683202326297760010e-01
8.040045499801635742e-01
-3.916138708591461182e-01
-1.263783127069473267e-01
-1.038331031799316406e+00
-6.153892278671264648e-01
-4.171161949634552002e-01
-1.915262341499328613e+00
-7.523907423019409180e-01
-6.501976251602172852e-01
5.394587516784667969e-01
-7.020571231842041016e-01
-4.914765954017639160e-01
6.487897634506225586e-01
4.218193292617797852e-01
1.415198445320129395e-01
6.591612100601196289e-01
3.772422790527343750e+00
-7.396779656410217285e-01
-5.496292114257812500e-01
9.546250104904174805e-02
-9.153880476951599121e-01
1.452002823352813721e-01
-1.522610902786254883e+00
1.376839280128479004e+00
-1.120271012187004089e-01
1.043548345565795898e+00
-1.457396745681762695e-01
3.673277497291564941e-01
3.565344214439392090e-02
9.923694729804992676e-01
-2.396117150783538818e-01
-2.666855454444885254e-01
1.425332427024841309e+00
-1.377763509750366211e+00
-1.017799139022827148e+00
-1.883447647094726562e+00
4.022609293460845947e-01
7.445181906223297119e-02
3.093435168266296387e-01
-1.122030973434448242e+00
-5.167347192764282227e-01
-1.855445206165313721e-01
-1.575512647628784180e+00
7.167629003524780273e-01
-1.335613280534744263e-01
1.213192462921142578e+00
-5.263450741767883301e-01
-2.565006732940673828e+00
1.727683901786804199e+00
-4.237874746322631836e-01
1.001989126205444336e+00
1.216751456260681152e+00
6.857451796531677246e-01
1.708666086196899414e+00
-9.380444288253784180e-01
-3.196237683296203613e-01
2.213066816329956055e-01
-8.396286964416503906e-01
3.197333812713623047e+00
2.318235635757446289e+00
-1.757436394691467285e-01
-9.226401448249816895e-01
-6.566681861877441406e-01
1.778405070304870605e+00
2.512304782867431641e-01
-2.414446830749511719e+00
-3.234765529632568359e-01
1.714127302169799805e+00
5.696079134941101074e-02
8.909074664115905762e-01
-1.136263966560363770e+00
-6.818629503250122070e-01
-1.071685791015625000e+00
8.946699500083923340e-01
1.426331400871276855e+00
-1.215453267097473145e+00
7.626385688781738281e-01
1.796797394752502441e+00
-4.850739240646362305e-01
-1.618621587753295898e+00
-1.644533634185791016e+00
5.233039259910583496e-01
1.143563032150268555e+00
