-6.891028881072998047e-01
3.029927015304565430e-01
2.203007042407989502e-02
4.213633015751838684e-02
2.049221754074096680e+00
9.091041982173919678e-03
-2.672236859798431396e-01
-6.067856550216674805e-01
6.864051520824432373e-02
-8.764640092849731445e-01
-1.399178624153137207e+00
-3.530125916004180908e-01
-7.463019490242004395e-01
-2.900354623794555664e+00
1.036822676658630371e+00
-4.589014053344726562e-01
1.062421321868896484e+00
-2.470497339963912964e-01
-7.083731889724731445e-01
7.729107737541198730e-01
-4.217210412025451660e-02
2.564401626586914062e-01
1.247614622116088867e-02
1.297814607620239258e+00
-7.389388084411621094e-01
-5.417544841766357422e-01
2.692080736160278320e-01
-1.773260951042175293e+00
3.434962928295135498e-01
1.144716739654541016e+00
-6.430833339691162109e-01
9.615306854248046875e-01
-1.037783384323120117e+00
-4.413504898548126221e-01
1.366771936416625977e+00
-1.348537355661392212e-01
1.455827474594116211e+00
-2.441452741622924805e-01
-2.593235015869140625e+00
-2.659204959869384766e+00
1.911007404327392578e+00
-3.807813525199890137e-01
2.935480833053588867e+00
3.705105781555175781e-01
-2.136542797088623047e-01
-2.428930044174194336e+00
1.026554584503173828e+00
2.319912910461425781e+00
-2.619827389717102051e-01
2.488331943750381470e-01
2.650379419326782227e+00
-1.300151228904724121e+00
-3.841791450977325439e-01
-5.309658050537109375e-01
2.877001762390136719e-01
9.190077185630798340e-01
2.177665829658508301e-01
2.371429204940795898e-01
5.492779612541198730e-01
5.907877087593078613e-01
-5.013978481292724609e-01
3.345674276351928711e-02
6.609512567520141602e-01
1.215269327163696289e+00
-2.067373692989349365e-02
4.933007955551147461e-01
1.320371270179748535e+00
-3.215851783752441406e-01
-6.096729040145874023e-01
-4.976479709148406982e-01
2.535959482192993164e-01
2.170736312866210938e+00
7.609736919403076172e-01
-1.363299369812011719e+00
-2.716437101364135742e+00
-1.160617828369140625e+00
-6.462787985801696777e-01
5.082228779792785645e-02
-6.262705326080322266e-01
-2.829543828964233398e+00
-1.779805064201354980e+00
-1.231873631477355957e+00
5.517313480377197266e-01
-7.140264511108398438e-01
2.655790805816650391e+00
7.057448625564575195e-01
-2.895297110080718994e-01
1.230372428894042969e+00
-2.034464597702026367e+00
3.292306661605834961e-01
1.276462912559509277e+00
-1.368581295013427734e+00
-1.677054762840270996e-01
-1.611322164535522461e-02
4.651542007923126221e-01
-6.406469941139221191e-01
3.862693309783935547e+00
-4.123940467834472656e-01
2.405373156070709229e-01
-2.778602242469787598e-01
-1.921220272779464722e-01
1.434270858764648438e+00
-5.226841568946838379e-01
1.857019960880279541e-03
4.002929329872131348e-01
-1.885276734828948975e-01
-1.565122485160827637e+00
9.624861180782318115e-02
1.719536483287811279e-01
-4.175880253314971924e-01
1.273614525794982910e+00
-1.620641231536865234e+00
6.406813859939575195e-01
-2.150502681732177734e+00
-1.142225027084350586e+00
-3.728878498077392578e-02
-1.118270158767700195e+00
6.326866149902343750e-02
1.117596507072448730e+00
1.164154291152954102e+00
-3.945564031600952148e-01
-7.892315983772277832e-01
4.524827301502227783e-01
-1.021446943283081055e+00
1.742767095565795898e-01
-1.781946420669555664e-01
2.151035368442535400e-01
1.220203340053558350e-01
