6.908435821533203125e-01
-3.080477118492126465e-01
-3.184940218925476074e-01
-1.643888056278228760e-01
-2.243652343750000000e+00
9.859620928764343262e-01
1.949137210845947266e+00
9.657063484191894531e-01
3.613074719905853271e-01
-3.202082872390747070e+00
1.829621434211730957e+00
2.870820999145507812e+00
1.064535617828369141e+00
5.536662340164184570e-01
-3.692725598812103271e-01
-8.230237960815429688e-01
-8.649907112121582031e-01
-1.201248466968536377e-01
8.236352205276489258e-01
-1.499758839607238770e+00
-4.016242325305938721e-01
1.762932777404785156e+00
-1.991848945617675781e-01
3.085316419601440430e-01
-3.317587375640869141e+00
7.341979146003723145e-01
3.727481961250305176e-01
1.514803245663642883e-02
3.963335454463958740e-01
1.466057777404785156e+00
-3.126338124275207520e-02
-1.160254478454589844e+00
-4.151067435741424561e-01
-1.539730191230773926e+00
-2.119591459631919861e-02
-4.376751184463500977e-01
4.304215908050537109e-01
-3.150861263275146484e-01
-1.297553926706314087e-01
5.665206313133239746e-01
-1.516183137893676758e+00
1.747210860252380371e+00
9.397249817848205566e-01
1.079870462417602539e+00
-2.256522178649902344e-01
1.567111611366271973e+00
-2.432166814804077148e+00
-8.623306751251220703e-01
-5.487183928489685059e-01
-6.189708113670349121e-01
-2.885481417179107666e-01
9.597537517547607422e-01
-1.798660308122634888e-01
2.893956303596496582e-01
-6.717660427093505859e-01
1.221570491790771484e+00
-1.571963548660278320e+00
1.480169534683227539e+00
8.494966626167297363e-01
-3.013643026351928711e-01
1.481856405735015869e-01
1.298312306404113770e+00
-1.126389980316162109e+00
3.956714868545532227e-01
8.704903125762939453e-01
-8.326186537742614746e-01
-5.416527986526489258e-01
1.211436271667480469e+00
-5.427779555320739746e-01
1.901130557060241699e+00
3.086456656455993652e-01
-2.267081737518310547e+00
-1.274212002754211426e-01
1.411221146583557129e+00
8.482843041419982910e-01
-7.102864235639572144e-02
2.416858434677124023e+00
9.635038375854492188e-01
-1.201876699924468994e-01
-6.119300127029418945e-01
4.261971712112426758e-01
-1.641042113304138184e+00
-1.816497445106506348e+00
-1.200997829437255859e-02
-6.522964835166931152e-01
1.064378261566162109e+00
5.656605586409568787e-02
-8.076625466346740723e-01
4.462963044643402100e-01
-1.481095701456069946e-01
9.481672644615173340e-01
-4.362210333347320557e-01
-1.834567785263061523e-01
1.252610683441162109e+00
1.210099458694458008e+00
2.078339576721191406e+00
1.471713185310363770e-04
5.085248947143554688e-01
3.276106715202331543e-01
1.566025614738464355e-02
-3.732625544071197510e-01
9.271183013916015625e-01
-9.039549231529235840e-01
2.597485780715942383e+00
-4.195852875709533691e-01
-6.522227525711059570e-01
-2.198709011077880859e+00
-1.210413932800292969e+00
1.560318470001220703e+00
-1.721600413322448730e+00
-2.937704324722290039e+00
7.127559185028076172e-01
1.358916282653808594e+00
-1.207794904708862305e+00
5.574829578399658203e-01
-1.493720293045043945e+00
-9.170798659324645996e-01
4.853680729866027832e-01
-2.589272737503051758e+00
-5.762296915054321289e-01
1.139612317085266113e+00
-5.732135102152824402e-02
-1.714972019195556641e+00
-1.154283404350280762e+00
-1.028446912765502930e+00
7.953193187713623047e-01
-5.501797795295715332e-01
6.443985700607299805e-01
