-1.215316891670227051e+00
-3.220159411430358887e-01
5.439008474349975586e-01
5.695468783378601074e-01
1.100695133209228516e+00
-2.279828041791915894e-01
5.059763044118881226e-02
1.727244853973388672e+00
-5.434701442718505859e-01
-1.179872632026672363e+00
2.253145217895507812e+00
2.301419496536254883e+00
1.467598676681518555e+00
-9.805499762296676636e-02
8.713591098785400391e-01
5.082416534423828125e-01
-7.726135253906250000e-01
-1.265212893486022949e-01
1.164901971817016602e+00
-4.667719453573226929e-02
1.300896525382995605e+00
-9.103357791900634766e-02
7.317063212394714355e-01
2.318244695663452148e+00
-1.978957653045654297e+00
-1.960461139678955078e+00
2.533301711082458496e-01
1.617761135101318359e+00
1.470417618751525879e+00
3.349503874778747559e-01
-6.185302734375000000e-01
-1.838155627250671387e+00
-5.941433906555175781e-01
2.051484346389770508e+00
-7.699987292289733887e-01
9.633873701095581055e-01
-2.026860475540161133e+00
-1.211879014968872070e+00
5.333470106124877930e-01
-3.601178228855133057e-01
-1.969251990318298340e+00
1.257260322570800781e+00
1.655731201171875000e+00
1.919073343276977539e+00
-6.060732603073120117e-01
1.639166593551635742e+00
5.945242643356323242e-01
-2.079408407211303711e+00
4.894496202468872070e-01
8.078641891479492188e-01
-9.402631521224975586e-01
-1.697914898395538330e-01
6.451109647750854492e-01
-1.342664241790771484e+00
-1.494456529617309570e-01
-1.662889957427978516e+00
-7.429547905921936035e-01
1.201955795288085938e+00
7.154756784439086914e-02
-2.925689518451690674e-02
-4.037494361400604248e-01
2.276160478591918945e+00
-2.206095457077026367e+00
-1.708241581916809082e+00
1.051306843757629395e+00
-2.991598248481750488e-01
-7.653518915176391602e-01
8.555016517639160156e-01
9.483875036239624023e-01
5.646341443061828613e-01
-6.240807175636291504e-01
5.930232405662536621e-01
2.578222751617431641e+00
-2.877935171127319336e-01
4.277413487434387207e-01
-4.437270164489746094e-01
-9.196060895919799805e-01
7.969640493392944336e-01
6.774708628654479980e-01
-2.143524408340454102e+00
1.266299486160278320e+00
-3.881425142288208008e+00
-2.938437461853027344e-01
-2.156331241130828857e-01
1.850286126136779785e+00
-5.239331722259521484e-01
-4.735816419124603271e-01
3.446150422096252441e-01
-1.143337607383728027e+00
-3.997687995433807373e-02
5.606924891471862793e-01
-6.061562299728393555e-01
-9.128351211547851562e-01
-2.065393626689910889e-01
1.346632838249206543e-01
-4.809016585350036621e-01
-5.038200318813323975e-02
9.139913916587829590e-01
-1.519349575042724609e+00
-3.881244063377380371e-01
-1.493313670158386230e+00
9.575896859169006348e-01
-1.522608518600463867e+00
1.395802259445190430e+00
9.256926178932189941e-01
-4.274240732192993164e-01
-4.425845146179199219e-01
1.971008777618408203e+00
2.236009836196899414e-01
-1.577519774436950684e+00
-1.731467247009277344e+00
6.186718940734863281e-01
-1.188391447067260742e+00
4.187162220478057861e-02
9.182540774345397949e-01
-2.758553743362426758e+00
-8.097899556159973145e-01
4.755092859268188477e-01
-2.871086895465850830e-01
-3.622434735298156738e-01
-1.826856970787048340e+00
4.904995858669281006e-01
-3.486368656158447266e-01
1.067295670509338379e+00
-5.928866863250732422e-01
-1.058752298355102539e+00
1.084982037544250488e+00
3.955618441104888916e-01
