-2.749424874782562256e-01
3.775653243064880371e-01
-2.453384846448898315e-01
2.862011492252349854e-01
-5.763493776321411133e-01
-1.365575432777404785e+00
1.217466473579406738e+00
2.777795791625976562e-01
2.632225751876831055e+00
-9.866500496864318848e-01
1.028972268104553223e+00
4.789802730083465576e-01
1.584192395210266113e+00
4.390050172805786133e-01
4.593246579170227051e-01
-2.605851292610168457e-01
-1.089070677757263184e+00
7.824934124946594238e-01
-1.100561976432800293e+00
-1.757628917694091797e-01
2.203773498535156250e+00
-3.520625233650207520e-01
2.281586825847625732e-01
-5.399578809738159180e-02
-1.590267777442932129e+00
-7.177056074142456055e-01
6.926979124546051025e-02
-1.229811668395996094e+00
9.434622526168823242e-02
7.585070133209228516e-01
8.582441806793212891e-01
-3.058620452880859375e+00
-1.385733604431152344e+00
2.978218495845794678e-01
-1.621417552232742310e-01
-2.047177255153656006e-01
-5.984455347061157227e-01
-2.302954196929931641e+00
7.555909752845764160e-01
2.710946798324584961e-01
5.963036417961120605e-01
7.679958343505859375e-01
6.302273869514465332e-01
2.823109030723571777e-01
-2.001990973949432373e-01
1.185119509696960449e+00
-9.220765829086303711e-01
7.082533240318298340e-01
1.782100945711135864e-01
2.432724714279174805e+00
1.772518634796142578e+00
5.263980627059936523e-01
1.256132483482360840e+00
6.336753070354461670e-02
-1.020403504371643066e-01
1.356573104858398438e+00
-4.589975476264953613e-01
6.068660020828247070e-01
-7.382662892341613770e-01
1.824330091476440430e-01
4.957208931446075439e-01
-8.497652411460876465e-02
-1.213446259498596191e+00
1.436884522438049316e+00
2.225091457366943359e-01
-6.980012059211730957e-01
-1.111291527748107910e+00
1.243586897850036621e+00
1.799478054046630859e+00
1.062332749366760254e+00
5.197459459304809570e-01
2.667792737483978271e-01
1.606099724769592285e+00
-1.256508231163024902e-01
-9.199070334434509277e-01
-2.686873674392700195e+00
-9.071094989776611328e-01
-2.752006530761718750e+00
7.675454020500183105e-01
-1.312298417091369629e+00
2.944593191146850586e+00
-8.601016402244567871e-01
1.378914862871170044e-01
-4.550580680370330811e-01
5.978623628616333008e-01
-2.286190688610076904e-01
-2.864241898059844971e-01
-1.152111589908599854e-01
-6.971284747123718262e-02
5.149592161178588867e-01
-3.219863474369049072e-01
-3.539757728576660156e+00
-5.631955862045288086e-01
5.433239936828613281e-01
-3.024163246154785156e-01
-8.434668183326721191e-01
-2.650917768478393555e-01
1.239817857742309570e+00
7.097433805465698242e-01
1.492781877517700195e+00
-4.427726864814758301e-01
-2.239998728036880493e-01
1.491789698600769043e+00
7.403283119201660156e-01
1.669496297836303711e+00
-3.858257830142974854e-01
-4.910045266151428223e-01
-8.352917432785034180e-01
1.994432330131530762e+00
-1.782030701637268066e+00
-2.272956848144531250e+00
8.223091959953308105e-01
-3.650833964347839355e-01
-9.579916000366210938e-01
1.669559240341186523e+00
9.014624357223510742e-01
2.839034557342529297e+00
1.801815390586853027e+00
-2.370979309082031250e+00
-3.433502674102783203e+00
-5.252310037612915039e-01
4.859631359577178955e-01
-1.287380814552307129e+00
-1.491767764091491699e+00
-8.315219879150390625e-01
2.382920980453491211e-01
-2.536366701126098633e+00
-9.067052602767944336e-01
