5.647996664047241211e-01
-1.690284490585327148e+00
1.793341040611267090e-01
-2.785900235176086426e-01
1.413575172424316406e+00
-4.723736047744750977e-01
-7.750599980354309082e-01
-1.944706916809082031e+00
-9.027763009071350098e-01
-1.156805306673049927e-01
-1.243288666009902954e-01
-1.017813384532928467e-02
5.687280893325805664e-01
1.216862350702285767e-02
5.494191646575927734e-01
8.549831509590148926e-01
-7.434058189392089844e-01
4.947286844253540039e-01
-3.863802552223205566e-01
1.836283326148986816e+00
-1.629889905452728271e-01
4.153938293457031250e-01
8.685135245323181152e-01
1.634963512420654297e+00
-1.271267294883728027e+00
-2.696832716464996338e-01
-7.247190475463867188e-01
-1.153538823127746582e+00
8.535885810852050781e-01
1.185217380523681641e+00
4.676326811313629150e-01
2.144224166870117188e+00
-1.309644699096679688e+00
-9.121308922767639160e-01
9.395933151245117188e-02
-2.343049943447113037e-01
-6.762493848800659180e-01
4.667888283729553223e-01
-3.549200296401977539e-01
-9.419825673103332520e-02
3.243177235126495361e-01
-1.697014927864074707e+00
1.611833095550537109e+00
8.625693321228027344e-01
2.928292453289031982e-01
-2.193911552429199219e+00
-3.888249397277832031e-03
1.681496351957321167e-01
7.958872318267822266e-01
1.083475574851036072e-01
-7.015734910964965820e-01
-1.381154656410217285e+00
2.582593917846679688e+00
5.883210897445678711e-01
-1.429033160209655762e+00
-8.372224569320678711e-01
6.351653337478637695e-01
-7.681040763854980469e-01
1.644030213356018066e+00
3.436404943466186523e+00
-2.208147048950195312e+00
-1.551849842071533203e+00
7.092161178588867188e-01
-1.075935363769531250e-02
6.657011508941650391e-01
-8.594467639923095703e-01
-1.534527540206909180e+00
-4.627288281917572021e-01
-6.881147623062133789e-01
-1.012478709220886230e+00
7.615661621093750000e-01
2.019392013549804688e+00
4.653396606445312500e-01
9.619541168212890625e-01
-5.798937678337097168e-01
-1.045113563537597656e+00
-6.707263588905334473e-01
1.058954954147338867e+00
-1.295808196067810059e+00
-9.517421722412109375e-01
4.209800362586975098e-01
-1.779939979314804077e-01
6.158778443932533264e-02
1.479246377944946289e+00
1.834764122962951660e+00
-5.438323616981506348e-01
1.523801088333129883e-01
-5.582700371742248535e-01
7.021952867507934570e-01
-2.050144433975219727e+00
4.294850230216979980e-01
4.215777516365051270e-01
-3.850317895412445068e-01
2.076693773269653320e+00
3.040612697601318359e+00
4.758676886558532715e-02
1.062374264001846313e-01
-7.888196110725402832e-01
1.246270895004272461e+00
1.275802016258239746e+00
-9.695314764976501465e-01
1.008931636810302734e+00
-5.024738609790802002e-02
-1.310177803039550781e+00
-2.101881057024002075e-01
-1.788322448730468750e+00
1.808667778968811035e+00
-2.154226541519165039e+00
1.293092966079711914e-01
-2.907547950744628906e+00
3.169125020503997803e-01
-8.555106520652770996e-01
1.177320480346679688e-01
1.229464650154113770e+00
1.145798489451408386e-01
-1.606105804443359375e+00
-4.218028783798217773e-01
3.385561704635620117e-01
8.539935350418090820e-01
3.075947985053062439e-02
7.069675326347351074e-01
1.156527519226074219e+00
-4.778048396110534668e-01
-9.597203135490417480e-01
-1.018286943435668945e+00
-1.920498967170715332e+00
-4.948557019233703613e-01
-4.373785853385925293e-01
