1.649076819419860840e+00
-1.023720026016235352e+00
9.262226819992065430e-01
4.557552933692932129e-01
2.736196994781494141e+00
-2.513992786407470703e-01
-9.214503169059753418e-01
6.996448040008544922e-01
-8.359716534614562988e-01
8.658657073974609375e-01
8.017210662364959717e-02
1.448178172111511230e+00
1.476848840713500977e+00
-1.659458637237548828e+00
-1.908628225326538086e+00
-5.308264493942260742e-01
-1.468968391418457031e+00
1.453312754631042480e+00
3.959277868270874023e-01
-7.095449566841125488e-01
-1.889356255531311035e+00
-2.415633678436279297e+00
1.400639533996582031e+00
2.261413812637329102e+00
-1.683289170265197754e+00
5.521051585674285889e-02
1.315482616424560547e+00
5.008435845375061035e-01
-1.995341777801513672e+00
4.786462187767028809e-01
-4.482176899909973145e-01
-5.513486266136169434e-02
-1.794774085283279419e-03
1.326648354530334473e+00
-1.254741787910461426e+00
1.317694306373596191e+00
9.662380814552307129e-01
-1.128239393234252930e+00
6.087459325790405273e-01
5.905705690383911133e-01
5.427321195602416992e-01
-3.978237509727478027e-04
1.915646791458129883e+00
3.319160044193267822e-01
-5.188332200050354004e-01
-1.450036168098449707e+00
2.961342334747314453e-01
5.664203166961669922e-01
1.432349920272827148e+00
-5.831612944602966309e-01
1.002453565597534180e+00
-2.253249168395996094e+00
8.808553218841552734e-01
-1.560469031333923340e+00
-1.381955981254577637e+00
-1.757679343223571777e+00
7.914379239082336426e-03
2.085870981216430664e+00
5.466703176498413086e-01
1.322110414505004883e+00
-3.365808427333831787e-01
-1.394245266914367676e+00
8.622890710830688477e-01
5.742940306663513184e-02
-4.090317487716674805e-01
-1.824861526489257812e+00
-4.655085504055023193e-01
3.915169835090637207e-01
4.893183708190917969e-01
-2.758829891681671143e-01
6.305783390998840332e-01
-2.849742174148559570e-01
2.056492328643798828e+00
6.328493356704711914e-01
-6.331616640090942383e-01
-2.284389495849609375e+00
-6.157256960868835449e-01
-2.994191646575927734e-01
6.387392878532409668e-01
1.164795160293579102e-01
1.082335710525512695e+00
-1.334023952484130859e+00
7.657881975173950195e-01
2.244130373001098633e-01
-2.281633615493774414e-01
-3.486529588699340820e-01
-2.143101841211318970e-01
-1.602015793323516846e-01
1.704794645309448242e+00
8.802514076232910156e-01
-1.110035419464111328e+00
-1.275308728218078613e+00
-3.817544877529144287e-01
3.166883587837219238e-01
4.849596917629241943e-01
3.703303933143615723e-01
1.071157604455947876e-01
-2.083906531333923340e-01
-2.331687211990356445e+00
-1.865221977233886719e+00
-8.162187933921813965e-01
-1.147285580635070801e+00
-1.155357733368873596e-01
-1.279792547225952148e+00
1.510166525840759277e+00
-4.527313411235809326e-01
-8.667450547218322754e-01
1.558630228042602539e+00
1.716556549072265625e+00
-1.320331394672393799e-01
-1.083698034286499023e+00
1.032033324241638184e+00
5.852650403976440430e-01
5.899423360824584961e-01
2.270941019058227539e+00
-1.160310387611389160e+00
1.040621995925903320e-01
-1.773737907409667969e+00
7.892436981201171875e-01
-3.578874170780181885e-01
2.056295871734619141e-01
-1.087373971939086914e+00
1.432210206985473633e+00
-6.156390905380249023e-01
-8.205735683441162109e-01
-5.779329538345336914e-01
-1.476365923881530762e+00
4.036715924739837646e-01
