-6.636137962341308594e-01
-6.430388689041137695e-01
-8.744557499885559082e-01
5.182139873504638672e-01
3.973320424556732178e-01
9.586265683174133301e-02
-2.281462192535400391e+00
-5.020526647567749023e-01
5.660905241966247559e-01
-1.298632383346557617e+00
5.724891424179077148e-01
9.914118051528930664e-01
-6.943290233612060547e-01
-8.882306814193725586e-01
-1.981829285621643066e+00
-7.269275188446044922e-01
1.602593898773193359e+00
-1.236378923058509827e-01
-2.239516824483871460e-01
3.360916674137115479e-01
1.159534215927124023e+00
-8.296964764595031738e-01
-5.938607454299926758e-01
5.805042386054992676e-01
-1.155755281448364258e+00
9.216886162757873535e-01
1.713455021381378174e-01
6.227879785001277924e-03
1.043029308319091797e+00
1.663967370986938477e+00
2.905449569225311279e-01
-1.171306729316711426e+00
-1.808288812637329102e+00
2.640424728393554688e+00
1.119750499725341797e+00
-2.399692684412002563e-01
2.666230797767639160e-01
8.451893925666809082e-01
-1.389286279678344727e+00
-5.281253457069396973e-01
2.135365009307861328e+00
-1.187795877456665039e+00
1.838234424591064453e+00
-6.119887828826904297e-01
-1.016255095601081848e-02
8.995110392570495605e-01
2.186230659484863281e+00
1.374262809753417969e+00
-3.205130100250244141e-01
1.244145393371582031e+00
-1.206927418708801270e+00
-1.499467611312866211e+00
3.867639899253845215e-01
1.065245032310485840e+00
1.599573045969009399e-01
1.325124979019165039e+00
2.419081449508666992e+00
8.474069237709045410e-01
2.278472334146499634e-01
4.320228695869445801e-01
-2.460596323013305664e+00
6.966219842433929443e-02
-2.840586662292480469e+00
-9.387637376785278320e-01
1.031236886978149414e+00
-4.091068506240844727e-01
-1.067948564887046814e-01
-1.497780680656433105e+00
5.846432447433471680e-01
1.174857541918754578e-01
6.874558925628662109e-01
8.150094151496887207e-01
1.456051111221313477e+00
7.599991559982299805e-01
-2.166411399841308594e+00
-3.278126418590545654e-01
1.102875113487243652e+00
1.386679410934448242e+00
-8.996657133102416992e-01
-1.271318197250366211e+00
3.912423253059387207e-01
-5.111671090126037598e-01
1.688088893890380859e+00
-1.110300421714782715e-01
-1.296299815177917480e+00
-9.477812647819519043e-01
4.031113386154174805e-01
-2.900648117065429688e+00
5.029218643903732300e-02
5.149989128112792969e-01
-1.054418921470642090e+00
-1.298119187355041504e+00
-2.810701131820678711e+00
2.801847457885742188e-01
-1.905449986457824707e+00
4.392970800399780273e-01
1.103214263916015625e+00
-1.746860384941101074e+00
-7.703969478607177734e-01
3.339407444000244141e+00
7.085294127464294434e-01
7.951884269714355469e-01
1.797703027725219727e+00
1.082123994827270508e+00
1.081660389900207520e-01
1.641825318336486816e+00
3.849106431007385254e-01
1.300214171409606934e+00
-3.689099252223968506e-01
7.323918342590332031e-01
1.176190614700317383e+00
1.169173717498779297e+00
2.376242160797119141e+00
-3.241258859634399414e-01
1.226026177406311035e+00
-1.599314063787460327e-01
-1.889421641826629639e-01
-1.421715974807739258e+00
-2.349784135818481445e+00
-1.396122217178344727e+00
2.140193283557891846e-01
-5.976555943489074707e-01
-1.383154869079589844e+00
-3.768729567527770996e-01
-3.368167877197265625e-01
-2.017489910125732422e+00
-2.565927982330322266e+00
-5.268039703369140625e-01
