2.119859158992767334e-01
-6.664796471595764160e-01
-2.109032392501831055e+00
2.473615258932113647e-01
-5.778400301933288574e-01
-6.823652237653732300e-02
3.378761708736419678e-01
1.291179656982421875e-01
7.245089411735534668e-01
2.249294072389602661e-01
-5.065985918045043945e-01
6.756895184516906738e-01
1.805876374244689941e+00
2.673874497413635254e-01
-1.167765706777572632e-01
9.355309605598449707e-01
-3.306849598884582520e-01
5.340024828910827637e-01
3.573929965496063232e-01
1.065717220306396484e+00
5.336951613426208496e-01
-2.779616415500640869e-01
-1.054136753082275391e+00
1.263506412506103516e+00
-1.773530617356300354e-03
-8.843211531639099121e-01
2.251077294349670410e-01
-1.139458417892456055e+00
-3.367651104927062988e-01
5.623842477798461914e-01
-4.962915778160095215e-01
7.155182361602783203e-01
9.512542486190795898e-01
2.068832874298095703e+00
7.265117764472961426e-01
1.676999568939208984e+00
-1.272286415100097656e+00
-1.045231938362121582e+00
-2.099791318178176880e-01
2.737215161323547363e-02
-7.421677112579345703e-01
4.895886480808258057e-01
1.821925163269042969e+00
4.811178743839263916e-01
-2.163901329040527344e+00
2.489735603332519531e+00
1.636360883712768555e-01
-9.947739541530609131e-02
-2.672910392284393311e-01
-6.810607314109802246e-01
-5.469992160797119141e-01
-2.225539684295654297e+00
2.510723352432250977e+00
-5.148893594741821289e-01
-8.897842168807983398e-01
-6.594770550727844238e-01
-5.450975298881530762e-01
2.244146823883056641e+00
-3.577354550361633301e-01
8.459604382514953613e-01
7.091974467039108276e-02
1.810188531875610352e+00
8.097410202026367188e-01
9.750218391418457031e-01
6.610450148582458496e-02
-6.649740934371948242e-01
-7.748413085937500000e-01
6.733169406652450562e-02
6.026977300643920898e-01
5.316492915153503418e-01
6.208972930908203125e-01
-5.752877593040466309e-01
8.965578079223632812e-01
1.451064825057983398e+00
8.058351874351501465e-01
6.030762195587158203e-02
-1.189287781715393066e+00
-8.541357517242431641e-01
8.320791125297546387e-01
-2.044159173965454102e-02
1.132580637931823730e+00
-2.249756336212158203e+00
1.350647360086441040e-01
7.329759001731872559e-01
-1.432885289192199707e+00
3.288657069206237793e-01
-6.880121827125549316e-01
-2.501558065414428711e-01
7.388467192649841309e-01
-4.905034303665161133e-01
-6.716831326484680176e-01
-1.190888881683349609e-01
-2.557823061943054199e-01
5.656201839447021484e-01
2.150542259216308594e+00
-6.919312477111816406e-01
-3.686856031417846680e-01
3.902855813503265381e-01
1.567092418670654297e+00
1.289722800254821777e+00
-1.694544255733489990e-01
-4.462280273437500000e-01
-8.015452027320861816e-01
-1.941412091255187988e+00
4.503380656242370605e-01
1.867046356201171875e-01
-9.521379470825195312e-01
-3.123849630355834961e-01
1.394899725914001465e+00
1.599131464958190918e+00
-3.287118971347808838e-01
1.289869308471679688e+00
-6.689431071281433105e-01
-7.273731231689453125e-01
-6.174950003623962402e-01
-2.704593658447265625e+00
8.927440643310546875e-01
9.127587080001831055e-03
4.844511449337005615e-01
-6.915109157562255859e-01
-1.148765802383422852e+00
-1.272106528282165527e+00
-1.507591962814331055e+00
-1.645013093948364258e+00
-1.729208469390869141e+00
-4.273841381072998047e+00
-5.696241259574890137e-01
6.339886188507080078e-01
