-1.600433886051177979e-02
4.155785590410232544e-02
-1.544156193733215332e+00
6.824474334716796875e-01
9.779132604598999023e-01
4.705513119697570801e-01
-9.243988394737243652e-01
-3.415874004364013672e+00
-9.234668016433715820e-01
-5.097935795783996582e-01
1.337420463562011719e+00
-2.889139652252197266e-01
2.943812310695648193e-01
-9.103738665580749512e-01
5.498908162117004395e-01
-3.867262899875640869e-01
-3.391074657440185547e+00
1.358133554458618164e+00
-9.278796911239624023e-01
5.074167251586914062e-02
2.369588017463684082e-01
-1.898376196622848511e-01
1.371661663055419922e+00
-7.746579647064208984e-01
1.099349021911621094e+00
-6.428892612457275391e-01
9.248604774475097656e-01
9.135699272155761719e-01
-1.048727512359619141e+00
1.979753375053405762e-02
8.058271408081054688e-01
-1.558221578598022461e-01
9.855418801307678223e-01
4.741071760654449463e-01
3.859593570232391357e-01
6.236693859100341797e-01
-3.092334568500518799e-01
-1.842524707317352295e-01
-5.035970807075500488e-01
-2.661056220531463623e-01
1.559317827224731445e+00
-1.157997965812683105e+00
1.583120107650756836e+00
6.973633170127868652e-01
-1.768940128386020660e-02
-1.206406831741333008e+00
-1.611296653747558594e+00
1.529226779937744141e+00
1.324899643659591675e-01
3.586348295211791992e+00
2.600237429141998291e-01
-2.691584348678588867e+00
8.880546092987060547e-01
7.941131591796875000e-01
6.886360049247741699e-01
8.257749676704406738e-01
8.703556060791015625e-01
-4.490226507186889648e-03
1.112947613000869751e-01
1.949254751205444336e+00
-1.613014340400695801e+00
-2.398034483194351196e-01
3.891923725605010986e-01
1.873280167579650879e+00
-2.587972581386566162e-01
7.217238545417785645e-01
3.328313827514648438e-01
1.793600440025329590e+00
-3.514989316463470459e-01
1.216381192207336426e+00
-3.391360044479370117e-01
-3.743658065795898438e-01
-7.239632010459899902e-01
1.639910101890563965e+00
1.361294388771057129e+00
2.003143876791000366e-01
2.830452322959899902e-01
-5.762130022048950195e-01
-1.404324918985366821e-01
9.096485376358032227e-02
2.220059394836425781e+00
-5.149887204170227051e-01
-6.354538351297378540e-02
-1.121311187744140625e-01
6.352431774139404297e-01
1.941872119903564453e+00
-7.059996128082275391e-01
2.491344958543777466e-01
-3.262027502059936523e-01
-1.315694212913513184e+00
-3.855243325233459473e-01
-1.977858066558837891e+00
-2.478900849819183350e-01
-5.552450418472290039e-01
5.524445772171020508e-01
-1.199503898620605469e+00
2.945414185523986816e-01
-7.398449778556823730e-01
-1.386502027511596680e+00
5.124667286872863770e-01
1.845537543296813965e+00
-1.765538454055786133e+00
-1.999080181121826172e+00
-1.811573147773742676e+00
-9.182813167572021484e-01
7.915846705436706543e-01
5.233174562454223633e-01
-2.522960901260375977e+00
6.590853929519653320e-01
-2.326624631881713867e+00
-2.203727662563323975e-01
-2.411694228649139404e-01
-7.454949021339416504e-01
3.316130340099334717e-01
1.106791496276855469e+00
-8.574834465980529785e-01
2.567726969718933105e-01
-1.318376541137695312e+00
7.428609132766723633e-01
-1.456718593835830688e-01
-9.513714909553527832e-01
2.426634788513183594e+00
-5.673049390316009521e-02
1.345224261283874512e+00
-8.524286746978759766e-01
-7.402467131614685059e-01
-1.800991058349609375e+00
-7.417780756950378418e-01
