6.890038251876831055e-01
1.104500889778137207e+00
-3.303767442703247070e-01
2.147120833396911621e-01
8.220486640930175781e-01
1.385466098785400391e+00
3.322920501232147217e-01
-1.290621519088745117e+00
1.032452583312988281e+00
-1.248968124389648438e+00
-3.333686888217926025e-01
3.279332518577575684e-01
2.904738187789916992e-01
-7.606015205383300781e-01
-1.240836501121520996e+00
-8.088540434837341309e-01
-1.235820651054382324e-01
3.064143061637878418e-01
-5.327546000480651855e-01
-1.705911755561828613e+00
2.451757490634918213e-01
-2.284133911132812500e+00
-1.087917923927307129e+00
1.016602039337158203e+00
-5.550764799118041992e-01
-4.871595501899719238e-01
2.029038429260253906e+00
-1.364272832870483398e+00
-1.401351988315582275e-01
6.393150091171264648e-01
2.382903575897216797e+00
-2.919464349746704102e+00
-1.992482423782348633e+00
9.239129424095153809e-01
-8.859794139862060547e-01
-5.720850229263305664e-01
-4.854290485382080078e-01
-8.565508127212524414e-01
3.718269765377044678e-01
-4.646434783935546875e-01
1.486306190490722656e-01
-3.800584748387336731e-02
1.287033081054687500e+00
7.082874178886413574e-01
2.928467988967895508e-01
2.549961209297180176e-01
4.100196063518524170e-01
-4.238552451133728027e-01
-2.091124653816223145e-03
-6.634652018547058105e-01
5.538144111633300781e-01
-2.047017335891723633e+00
-1.133949995040893555e+00
6.971741914749145508e-01
-8.708052635192871094e-01
-6.377943754196166992e-01
1.216146111488342285e+00
1.698147773742675781e+00
2.834998607635498047e+00
5.785975456237792969e-01
5.090788751840591431e-02
1.125208377838134766e+00
1.893410325050354004e+00
9.935224056243896484e-01
1.856466054916381836e+00
-1.812847018241882324e+00
2.857808113098144531e+00
-4.800219237804412842e-01
8.976639509201049805e-01
-1.708846986293792725e-01
1.558868765830993652e+00
-1.990838050842285156e-01
8.253527879714965820e-01
-9.550504386425018311e-02
-1.877014517784118652e+00
-1.346159696578979492e+00
5.179473161697387695e-01
-7.546353340148925781e-01
9.755479693412780762e-01
-1.862782239913940430e+00
1.490445852279663086e+00
2.787137031555175781e-01
-1.441224694252014160e+00
-6.073587536811828613e-01
2.121662855148315430e+00
-1.068172812461853027e+00
-2.048757314682006836e+00
5.127012133598327637e-01
-1.157673969864845276e-01
1.527909517288208008e+00
2.072691440582275391e+00
-4.020376682281494141e+00
8.625318855047225952e-02
2.200205802917480469e+00
2.919136881828308105e-01
-1.581362366676330566e+00
2.016566991806030273e-01
-8.480359800159931183e-03
-9.080892205238342285e-01
5.434463620185852051e-01
1.377282887697219849e-01
1.649878621101379395e-01
9.203906357288360596e-02
4.492759406566619873e-01
-5.978572964668273926e-01
-4.965124428272247314e-01
7.429535686969757080e-02
1.622143507003784180e+00
8.451647162437438965e-01
-8.496165275573730469e-03
1.165563583374023438e+00
1.487480401992797852e+00
-7.126786708831787109e-01
-2.596256256103515625e+00
7.758989930152893066e-01
-4.490039944648742676e-01
8.848526477813720703e-01
2.258709371089935303e-01
-2.780735492706298828e+00
7.429909706115722656e-01
-4.469437599182128906e-01
-2.600577473640441895e-01
1.522069454193115234e+00
-2.098324894905090332e-02
-7.525765895843505859e-01
-1.444234848022460938e+00
-5.599731206893920898e-01
-1.561188220977783203e+00
