-3.426364898681640625e+00
-3.700672090053558350e-02
-2.505319714546203613e-01
8.754299879074096680e-01
-1.182637691497802734e+00
-1.017244696617126465e+00
-9.542223215103149414e-01
2.145966589450836182e-01
1.314920306205749512e+00
-1.637815356254577637e+00
5.554538965225219727e-01
-6.648058295249938965e-01
-1.485060930252075195e+00
-2.174595594406127930e+00
6.106239557266235352e-01
-4.359470009803771973e-01
1.787144541740417480e-01
-1.868592649698257446e-01
1.343149662017822266e+00
7.380279302597045898e-01
-5.618423223495483398e-01
2.009591579437255859e+00
-2.536378204822540283e-01
-3.380106687545776367e-01
-2.022247314453125000e+00
2.656877636909484863e-01
4.137110412120819092e-01
2.851961255073547363e-01
7.179021835327148438e-01
4.695913195610046387e-01
-1.233581781387329102e+00
1.945246577262878418e+00
-9.146605730056762695e-01
4.807614088058471680e-01
1.145822405815124512e+00
8.332781791687011719e-01
1.453231692314147949e+00
-7.955150008201599121e-01
-6.767094135284423828e-01
-3.714992046356201172e+00
4.293488264083862305e-01
1.402772545814514160e+00
1.622630596160888672e+00
8.549265265464782715e-01
-2.731037437915802002e-01
6.681833863258361816e-01
6.279989480972290039e-01
1.149349451065063477e+00
1.056512951850891113e+00
1.496814131736755371e+00
1.534073233604431152e+00
6.732542812824249268e-02
2.676117122173309326e-01
-5.717576742172241211e-01
-4.238702356815338135e-01
1.901191473007202148e-01
1.285673975944519043e+00
-8.533443212509155273e-01
-2.270180702209472656e+00
3.039712429046630859e+00
1.647587120532989502e-01
2.134564876556396484e+00
-1.199506044387817383e+00
1.433538436889648438e+00
5.187735557556152344e-01
1.327117681503295898e+00
-5.464341044425964355e-01
5.894082188606262207e-01
-7.527366876602172852e-01
-9.342491626739501953e-01
-8.821808695793151855e-01
4.324447512626647949e-01
1.258518815040588379e+00
-1.099800467491149902e-01
-1.286005616188049316e+00
-1.006153464317321777e+00
5.625814199447631836e-02
-1.455301791429519653e-02
-1.133720278739929199e+00
-1.236859321594238281e+00
-3.302078247070312500e-01
2.106791734695434570e-01
2.622530937194824219e+00
-5.855823159217834473e-01
3.971368074417114258e+00
-2.253603339195251465e-01
5.456369742751121521e-02
8.382215499877929688e-01
-1.048125326633453369e-01
1.488577842712402344e+00
-8.118812441825866699e-01
-1.963827610015869141e+00
-7.741237282752990723e-01
-7.754875421524047852e-01
-6.453843116760253906e-01
1.870006322860717773e-03
1.801172137260437012e+00
-1.041263565421104431e-01
1.659540981054306030e-01
1.853857278823852539e+00
-1.046729803085327148e+00
-5.939866304397583008e-01
-5.189505815505981445e-01
1.603796839714050293e+00
-6.502626538276672363e-01
1.906107664108276367e+00
-1.476944327354431152e+00
-1.223479151725769043e+00
-6.722373962402343750e-01
-7.400765419006347656e-01
-6.353338956832885742e-01
2.542457103729248047e+00
1.826429665088653564e-01
-9.925478696823120117e-01
-1.559586763381958008e+00
1.139094114303588867e+00
-1.116522550582885742e+00
-7.472780346870422363e-01
6.147948503494262695e-01
8.506520986557006836e-01
-4.308794736862182617e-01
9.327234029769897461e-01
-1.496224641799926758e+00
-2.717411518096923828e+00
-1.224154233932495117e-01
-2.122383832931518555e+00
-8.999871015548706055e-01
-2.450217247009277344e+00
