2.167916893959045410e-01
-5.796457529067993164e-01
-6.227830052375793457e-02
-5.065566897392272949e-01
-1.073256611824035645e+00
5.778661966323852539e-01
8.757900595664978027e-01
-4.581184089183807373e-01
1.923027336597442627e-01
-4.754595756530761719e-01
-1.659234762191772461e+00
-1.232917428016662598e+00
-1.067076772451400757e-01
-1.529380202293395996e+00
-2.007902562618255615e-01
-2.497040033340454102e+00
-2.569448947906494141e-01
-6.525178253650665283e-02
1.014752268791198730e+00
1.691402912139892578e+00
-5.222855806350708008e-01
2.777420282363891602e-01
8.889028429985046387e-01
1.766701698303222656e+00
-4.565373659133911133e-01
9.091196656227111816e-01
7.511644363403320312e-01
-6.230120658874511719e-01
-2.318255454301834106e-01
-7.809273600578308105e-01
1.192600131034851074e-01
-3.464135169982910156e+00
-7.347608804702758789e-01
1.768450438976287842e-01
5.257240533828735352e-01
1.372470736503601074e+00
4.008883833885192871e-01
9.190878868103027344e-01
-1.151525378227233887e+00
1.620680332183837891e+00
1.268532156944274902e+00
-8.304013609886169434e-01
2.225082635879516602e+00
-1.574532985687255859e-01
-2.461782991886138916e-01
-5.317304730415344238e-01
-2.672025859355926514e-01
2.604249954223632812e+00
5.875949859619140625e-01
-7.812017202377319336e-01
-8.737344741821289062e-01
-7.965484857559204102e-01
1.148079782724380493e-01
1.058858990669250488e+00
8.605250120162963867e-01
1.162595272064208984e+00
-1.393762528896331787e-01
1.336905717849731445e+00
-1.073631286621093750e+00
4.971067309379577637e-01
7.466461658477783203e-01
-2.023539543151855469e+00
-6.310942769050598145e-02
-8.093340396881103516e-01
-4.411531984806060791e-01
-5.477278828620910645e-01
2.666497707366943359e+00
1.047053575515747070e+00
-5.630130693316459656e-02
-6.608904004096984863e-01
5.978854298591613770e-01
2.425446510314941406e+00
3.184472322463989258e-01
-1.688867807388305664e-03
-1.303408741950988770e+00
-1.839942455291748047e+00
-1.813537716865539551e+00
7.273176908493041992e-01
-8.964369297027587891e-01
-2.230996370315551758e+00
-3.576071023941040039e+00
-4.564738273620605469e-01
4.202747344970703125e-01
-9.351074099540710449e-01
2.638718128204345703e+00
5.172953605651855469e-01
-1.421820640563964844e+00
1.147783041000366211e+00
-2.318356335163116455e-01
-4.154756665229797363e-02
2.569906473159790039e+00
-1.098840713500976562e+00
9.026335924863815308e-02
-5.075267553329467773e-01
1.077798366546630859e+00
-6.722148656845092773e-01
2.004799842834472656e+00
-3.860524892807006836e-01
7.673521041870117188e-01
2.018148660659790039e+00
-1.445592880249023438e+00
7.240058183670043945e-01
-1.595533251762390137e+00
5.537892580032348633e-01
1.574740052223205566e+00
3.682541847229003906e-01
-1.651480317115783691e+00
1.665396690368652344e-01
1.762538313865661621e+00
-1.390937685966491699e+00
1.713543295860290527e+00
-1.403308153152465820e+00
-2.760376632213592529e-01
1.045523166656494141e+00
-1.016762256622314453e+00
3.280754685401916504e-01
7.144553959369659424e-02
-2.415935039520263672e+00
1.226554036140441895e+00
7.837815284729003906e-01
2.333986759185791016e+00
-8.397896289825439453e-01
-4.947045445442199707e-01
-1.038098096847534180e+00
-4.288830757141113281e-01
-2.366848587989807129e-01
9.854380488395690918e-01
-2.508392095565795898e+00
