-1.759026646614074707e-01
-1.817547798156738281e+00
-4.491706490516662598e-01
1.125476837158203125e+00
1.605531096458435059e+00
9.439699053764343262e-01
-1.131543755531311035e+00
-4.677006304264068604e-01
-1.795111000537872314e-01
3.409763574600219727e-01
1.435793399810791016e+00
-7.067114114761352539e-01
1.522055745124816895e+00
-1.274219393730163574e+00
-5.474052429199218750e-01
-2.332411408424377441e-01
1.688751101493835449e+00
-7.472514510154724121e-01
-1.119280099868774414e+00
1.445752531290054321e-01
5.331226587295532227e-01
-5.137174725532531738e-01
-8.607742190361022949e-02
1.519006013870239258e+00
2.645332925021648407e-02
7.314292192459106445e-01
-7.555893659591674805e-01
-1.446811258792877197e-01
1.158883571624755859e-01
-1.622626662254333496e+00
-1.604860275983810425e-01
9.362279176712036133e-01
-6.482927799224853516e-01
-8.978660702705383301e-01
1.769105076789855957e+00
1.429929137229919434e-01
9.134845435619354248e-02
1.566244244575500488e+00
2.993608117103576660e-01
1.255129098892211914e+00
1.349279165267944336e+00
4.499081671237945557e-01
1.287051916122436523e+00
-8.251670598983764648e-01
1.993138790130615234e-01
-3.854680061340332031e-01
1.228954553604125977e+00
7.554189562797546387e-01
1.998851746320724487e-01
-3.753271326422691345e-02
9.146859645843505859e-01
-2.326601266860961914e+00
5.294244289398193359e-01
6.371046304702758789e-01
3.175761997699737549e-01
-1.901690125465393066e+00
8.803303241729736328e-01
1.679182291030883789e+00
9.524666070938110352e-01
3.165284395217895508e+00
6.012023091316223145e-01
-2.903009653091430664e+00
4.277399182319641113e-02
2.291465759277343750e+00
-1.237257242202758789e+00
-4.228598475456237793e-01
3.591522216796875000e+00
3.338905572891235352e-01
-1.640193223953247070e+00
2.028887748718261719e+00
1.793382048606872559e+00
-3.514678478240966797e-01
-2.062456309795379639e-01
-5.014523863792419434e-01
-7.851048111915588379e-01
2.651407718658447266e-01
-2.598587870597839355e-01
-7.311598062515258789e-01
6.279807686805725098e-01
-1.466337203979492188e+00
-1.312295198440551758e+00
-1.463094234466552734e+00
1.863609313964843750e+00
-1.154245495796203613e+00
2.337961435317993164e+00
-1.635852217674255371e+00
-7.136606574058532715e-01
2.674492597579956055e-01
2.342824935913085938e-01
-1.554659456014633179e-01
6.328269839286804199e-01
-1.554033994674682617e+00
-1.994586825370788574e+00
7.518105208873748779e-02
2.710419297218322754e-01
-9.320396184921264648e-01
-3.038624525070190430e-01
1.615358948707580566e+00
-1.344212293624877930e-01
1.046000719070434570e+00
-9.490067362785339355e-01
8.892859220504760742e-01
-4.607499837875366211e-01
1.105781793594360352e+00
-1.080685615539550781e+00
-4.404451847076416016e-01
-1.979749441146850586e+00
-2.465857267379760742e+00
-1.946084350347518921e-01
-2.853094577789306641e+00
1.262529730796813965e+00
-1.367486119270324707e-01
-9.203114509582519531e-01
2.385502576828002930e+00
-6.455183029174804688e-01
-5.853571891784667969e-01
-1.082679986953735352e+00
-3.037347793579101562e-01
-7.439738512039184570e-01
-1.353896379470825195e+00
3.176949918270111084e-01
6.080024689435958862e-02
-5.697401762008666992e-01
-1.445138216018676758e+00
-7.197456359863281250e-01
6.529107689857482910e-01
1.867910146713256836e+00
-2.979377269744873047e+00
