-9.356200695037841797e-02
4.623357057571411133e-01
-5.281776905059814453e+00
1.549499183893203735e-01
-7.908481359481811523e-01
6.477773785591125488e-01
-6.079555153846740723e-01
1.894590258598327637e+00
1.212011098861694336e+00
-1.574560403823852539e-01
-1.009349942207336426e+00
8.514921367168426514e-02
-1.520958393812179565e-01
2.035984754562377930e+00
4.862237572669982910e-01
1.175248384475708008e+00
1.222258508205413818e-01
1.176810026168823242e+00
1.219766259193420410e+00
-2.038623809814453125e+00
1.895650267601013184e+00
-6.340220570564270020e-02
3.542041778564453125e+00
-6.427872180938720703e-02
-1.569649338722229004e+00
6.159571409225463867e-01
1.225019216537475586e+00
-3.816998898983001709e-01
-1.465080738067626953e+00
3.118959069252014160e-02
-1.026902675628662109e+00
1.223434925079345703e+00
-5.930307388305664062e+00
-2.454516291618347168e-01
1.279609441757202148e+00
-1.349217057228088379e+00
-7.905357480049133301e-01
5.913389921188354492e-01
1.313754320144653320e+00
2.040471732616424561e-01
-2.475418448448181152e-01
1.885339915752410889e-01
1.252311706542968750e+00
1.481572151184082031e+00
-6.516126990318298340e-01
6.846739649772644043e-01
8.642930984497070312e-01
-7.971547842025756836e-01
-3.016673326492309570e-01
3.685049712657928467e-02
1.437807917594909668e+00
-1.512511491775512695e+00
-1.185193777084350586e+00
1.523862957954406738e+00
1.234595894813537598e+00
-8.420291543006896973e-01
4.969009459018707275e-01
1.192867279052734375e+00
-1.647000670433044434e+00
-1.067080497741699219e+00
-6.445810943841934204e-02
-8.363739252090454102e-01
1.347336471080780029e-01
-3.337950408458709717e-01
4.106780886650085449e-02
-1.311899542808532715e+00
-2.624662816524505615e-01
1.608431816101074219e+00
-6.178827285766601562e-01
-5.230642557144165039e-01
-7.391829490661621094e-01
-6.471405625343322754e-01
1.701338529586791992e+00
6.311970949172973633e-01
1.102514147758483887e+00
-4.783930480480194092e-01
-1.692344307899475098e+00
1.042689755558967590e-02
6.130304932594299316e-01
-1.970701694488525391e+00
-7.872405648231506348e-01
5.785846710205078125e-01
1.145486235618591309e+00
-7.988974452018737793e-02
1.151804089546203613e+00
6.512202322483062744e-02
2.817846536636352539e-01
-8.169159293174743652e-01
-1.175215482711791992e+00
7.560209631919860840e-01
-2.006178855895996094e+00
2.980292141437530518e-01
5.225571990013122559e-01
-2.145864367485046387e-01
-9.407778978347778320e-01
-6.095206737518310547e-01
2.637390494346618652e-01
-4.535108506679534912e-01
1.203982591629028320e+00
-3.896121382713317871e-01
-1.286980867385864258e+00
-7.741189599037170410e-01
-9.418341517448425293e-02
1.148202180862426758e+00
-6.418339014053344727e-01
1.537200808525085449e+00
2.527514696121215820e-01
-1.288293480873107910e+00
-1.012458920478820801e+00
5.516996979713439941e-01
1.369616240262985229e-01
-9.098229408264160156e-01
-7.796379327774047852e-01
-1.123244881629943848e+00
9.276283979415893555e-01
1.011274695396423340e+00
4.354186654090881348e-01
4.748661518096923828e-01
8.859077692031860352e-01
7.750110328197479248e-02
-6.007156372070312500e-01
-9.581090211868286133e-01
-3.239513933658599854e-02
2.190709352493286133e+00
2.295367717742919922e-01
2.671200335025787354e-01
-3.394537568092346191e-01
-5.106855630874633789e-01
