7.388782501220703125e-01
-7.687583565711975098e-01
5.945065021514892578e-01
-2.431579351425170898e+00
-2.642819881439208984e+00
-1.629489660263061523e-01
2.285924434661865234e+00
1.780735373497009277e+00
-7.838832736015319824e-01
-9.730672836303710938e-01
1.833329200744628906e+00
-1.726529747247695923e-01
2.726508378982543945e+00
7.099404931068420410e-02
7.959667444229125977e-01
-1.199968099594116211e+00
-1.874020844697952271e-01
7.015082836151123047e-01
-1.459161043167114258e+00
1.870048165321350098e+00
2.303104102611541748e-01
-2.096530795097351074e-02
8.388809561729431152e-01
2.702457904815673828e+00
-1.547671675682067871e+00
-1.207415238022804260e-01
-5.296343564987182617e-02
-1.149165391921997070e+00
9.375068545341491699e-02
1.175517678260803223e+00
-1.623370051383972168e+00
-2.404719352722167969e+00
-5.790347456932067871e-01
-2.417284250259399414e+00
5.459061861038208008e-01
1.179609656333923340e+00
-1.443251609802246094e+00
-3.310209810733795166e-01
-2.729762196540832520e-01
-1.788704156875610352e+00
-1.561965107917785645e+00
-6.344264149665832520e-01
1.497486114501953125e+00
5.656690597534179688e-01
1.431521415710449219e+00
1.723000884056091309e+00
3.240371346473693848e-01
1.480335116386413574e+00
-3.703432083129882812e-01
1.142729759216308594e+00
1.153890848159790039e+00
-9.296201467514038086e-01
1.416073322296142578e+00
1.001361131668090820e+00
-1.234626471996307373e-01
-1.317129254341125488e+00
6.633855104446411133e-01
3.907551765441894531e-01
4.105722308158874512e-01
1.523909091949462891e+00
9.498040676116943359e-01
-5.287311673164367676e-01
-4.414939284324645996e-01
6.372237205505371094e-01
3.680976927280426025e-01
-1.982161164283752441e+00
1.697040081024169922e+00
-9.129364490509033203e-01
-9.783104062080383301e-02
2.004999816417694092e-01
1.009931921958923340e+00
1.366687297821044922e+00
2.465350866317749023e+00
-5.451070070266723633e-01
-7.231453061103820801e-01
-1.886826634407043457e+00
-1.637766599655151367e+00
-1.747850298881530762e+00
-1.602912187576293945e+00
-1.057217478752136230e+00
-1.101580977439880371e+00
2.929992079734802246e-01
-1.964741796255111694e-01
-8.594325780868530273e-01
2.108092069625854492e+00
-3.749862909317016602e-01
-2.710044384002685547e-01
6.756012439727783203e-01
-1.473519325256347656e+00
4.292351007461547852e-01
5.838511884212493896e-02
-2.238699197769165039e+00
-1.635430902242660522e-01
4.405772686004638672e-01
1.636648535728454590e+00
-5.755128338932991028e-02
1.232839226722717285e+00
5.155770778656005859e-01
2.383634448051452637e-01
2.478821516036987305e+00
1.225560665130615234e+00
-4.534336328506469727e-01
-7.430831193923950195e-01
-1.099773049354553223e+00
2.036468029022216797e+00
1.018490672111511230e+00
-1.034380346536636353e-01
1.139133691787719727e+00
6.108952313661575317e-02
-1.336899876594543457e+00
-3.157423436641693115e-01
-3.664453923702239990e-01
-1.992785573005676270e+00
-1.351312160491943359e+00
1.228135108947753906e+00
-2.245219796895980835e-01
4.943833053112030029e-01
-7.664896845817565918e-01
-1.821224212646484375e+00
-8.891154527664184570e-01
-8.377550244331359863e-01
-6.072724461555480957e-01
1.049073934555053711e+00
-1.129749178886413574e+00
-7.881832122802734375e-01
-1.306082367897033691e+00
1.214097976684570312e+00
1.204447150230407715e+00
