-9.937371015548706055e-01
4.297116398811340332e-01
-8.619192838668823242e-01
3.499157726764678955e-01
1.980247735977172852e+00
5.364442467689514160e-01
-1.013387322425842285e+00
-6.288911104202270508e-01
-4.831380024552345276e-02
2.527392864227294922e+00
1.237734436988830566e+00
1.633866190910339355e+00
-8.871085643768310547e-01
-8.622007369995117188e-01
-1.752649903297424316e+00
-8.644934296607971191e-01
-8.620373904705047607e-02
1.659853219985961914e+00
-1.902052521705627441e+00
-9.758296608924865723e-01
1.986716628074645996e+00
-9.613664746284484863e-01
1.182598114013671875e+00
4.174037575721740723e-01
-2.302842617034912109e+00
-2.057056903839111328e+00
-4.954244196414947510e-01
4.060166776180267334e-01
-1.982677698135375977e+00
4.683086872100830078e-01
-1.554012179374694824e+00
1.184520483016967773e+00
8.305853009223937988e-01
-6.689458489418029785e-01
5.359274148941040039e-01
4.303616583347320557e-01
-6.895244121551513672e-01
-4.518950581550598145e-01
4.151328802108764648e-01
-2.940624952316284180e-02
1.281939148902893066e+00
-9.845376014709472656e-01
4.978413581848144531e-01
1.163555741310119629e+00
-1.194790527224540710e-01
-2.741953611373901367e+00
6.116994619369506836e-01
1.286631226539611816e+00
2.374840527772903442e-01
2.755258083343505859e-01
-3.711322844028472900e-01
5.453975200653076172e-01
2.210309982299804688e+00
1.405495524406433105e+00
-1.963419795036315918e+00
7.075053453445434570e-02
1.841101646423339844e+00
-5.480610132217407227e-01
-3.115996122360229492e-01
1.686433315277099609e+00
-1.937427520751953125e+00
4.976114630699157715e-01
2.531668424606323242e+00
2.119153738021850586e+00
-1.081317543983459473e+00
-5.365341901779174805e-01
-4.413427710533142090e-01
1.782208681106567383e+00
9.560602903366088867e-01
3.787189722061157227e-01
1.516585588455200195e+00
6.230576634407043457e-01
7.060087323188781738e-01
4.275448024272918701e-01
1.238137006759643555e+00
-6.207845211029052734e-01
8.884410262107849121e-01
-2.959880232810974121e-01
-1.353667497634887695e+00
-1.546434760093688965e-01
1.278742909431457520e+00
-8.283758759498596191e-01
-5.655831694602966309e-01
-1.607697725296020508e+00
1.736133098602294922e+00
1.575448155403137207e+00
-1.951942086219787598e+00
1.067313551902770996e+00
7.546896934509277344e-01
1.856777966022491455e-01
-8.642482757568359375e-01
-2.675708055496215820e+00
7.856281995773315430e-01
-1.404307126998901367e+00
6.974905729293823242e-01
-2.805211305618286133e+00
-7.008334398269653320e-01
-1.417943477630615234e+00
-2.375171422958374023e+00
-7.893879413604736328e-01
5.540453791618347168e-01
2.017819166183471680e+00
-2.173567295074462891e+00
-1.646646112203598022e-01
2.088067293167114258e+00
9.563492536544799805e-01
5.736738443374633789e-01
5.276640057563781738e-01
7.101786732673645020e-01
-1.315016388893127441e+00
-8.282847404479980469e-01
7.466449737548828125e-01
-1.008303165435791016e+00
-4.862760305404663086e-01
-4.267034530639648438e-01
-9.269579052925109863e-01
1.697110891342163086e+00
-5.094252228736877441e-01
-1.288653612136840820e+00
-1.814107537269592285e+00
1.443304777145385742e+00
7.431576848030090332e-01
5.244550704956054688e-01
8.938617706298828125e-01
-3.333781957626342773e-01
-1.369723558425903320e+00
-1.740407228469848633e+00
-7.629154324531555176e-01
