-8.551516532897949219e-01
-1.620143890380859375e+00
5.576902031898498535e-01
4.521391391754150391e-01
1.301534056663513184e+00
-5.493212938308715820e-01
-3.095873892307281494e-01
1.000406503677368164e+00
2.831870913505554199e-01
7.632690668106079102e-01
-5.066342353820800781e-01
3.467954993247985840e-01
-1.746601164340972900e-01
-4.336348176002502441e-01
-1.907121062278747559e+00
-7.498051524162292480e-01
-5.892698764801025391e-01
1.212486147880554199e+00
9.028645753860473633e-01
4.286501407623291016e-01
-2.330054998397827148e+00
-1.907045602798461914e+00
1.316797494888305664e+00
1.682952165603637695e+00
-3.123946189880371094e+00
1.238842964172363281e+00
2.138328790664672852e+00
-1.252939999103546143e-01
-2.699690461158752441e-01
-7.404923439025878906e-03
-1.509426832199096680e-01
-7.851239442825317383e-01
6.159525364637374878e-03
5.518524050712585449e-01
-9.001434445381164551e-01
1.189474701881408691e+00
1.365273594856262207e+00
-2.235758781433105469e+00
4.875299334526062012e-01
-3.438916206359863281e-01
-4.583563804626464844e-01
6.623776555061340332e-01
1.765712976455688477e+00
-3.263981938362121582e-01
3.640072047710418701e-01
6.035009026527404785e-02
1.153652906417846680e+00
-6.817145645618438721e-02
1.927598953247070312e+00
3.118165135383605957e-01
1.091066122055053711e+00
-2.225019931793212891e+00
5.991283655166625977e-01
-1.946525216102600098e+00
-1.753571867942810059e+00
-9.957650899887084961e-01
6.349275708198547363e-01
8.389181494712829590e-01
-1.213432997465133667e-01
3.759540319442749023e-01
-1.261421322822570801e+00
-4.766505360603332520e-01
-1.618925452232360840e+00
4.228968024253845215e-01
5.976437032222747803e-02
-3.633362650871276855e-01
7.307817786931991577e-02
-8.764988183975219727e-01
-3.211875259876251221e-01
-3.911874294281005859e-01
6.898543238639831543e-02
-1.668406724929809570e+00
3.306813240051269531e+00
5.701346397399902344e-01
-1.729011893272399902e+00
-2.362451553344726562e+00
-1.659595727920532227e+00
2.651073336601257324e-01
6.613629460334777832e-01
1.053611636161804199e-01
2.162663489580154419e-01
-1.674914836883544922e+00
2.508370161056518555e+00
2.592023611068725586e-01
-2.991074621677398682e-01
9.214813113212585449e-01
5.797993540763854980e-01
-7.621662020683288574e-01
1.701064229011535645e+00
1.280166864395141602e+00
-2.394492149353027344e+00
-2.034899890422821045e-01
-1.395549654960632324e+00
3.868365287780761719e-01
-2.378469705581665039e-01
7.587896585464477539e-01
3.610805273056030273e-01
4.520518183708190918e-01
-8.071139454841613770e-01
-9.009902179241180420e-02
-9.653531312942504883e-01
-1.925122737884521484e+00
1.008931398391723633e+00
-5.927357673645019531e-01
2.844276189804077148e+00
-6.461610198020935059e-01
-1.901619076728820801e+00
1.190660715103149414e+00
1.247839212417602539e+00
-1.126763820648193359e+00
1.607832312583923340e-02
8.192598223686218262e-01
1.951387166976928711e+00
1.972831726074218750e+00
8.053679466247558594e-01
-3.151891827583312988e-01
-1.560382246971130371e-01
-1.070624351501464844e+00
1.209713935852050781e+00
2.137957215309143066e-01
5.103231072425842285e-01
-9.600775837898254395e-01
1.054279685020446777e+00
-1.623861908912658691e+00
-4.586577415466308594e-01
-1.500676989555358887e+00
-6.939734816551208496e-01
6.355561017990112305e-01
