-9.955163300037384033e-02
-4.450389146804809570e-01
3.611137568950653076e-01
-3.425026416778564453e+00
-3.026628494262695312e-01
-5.775460973381996155e-02
-1.184923291206359863e+00
6.723643541336059570e-01
-2.055114954710006714e-01
-4.364681839942932129e-01
-2.006856054067611694e-01
-1.302388668060302734e+00
3.845586776733398438e-01
9.864799380302429199e-01
-1.236923098564147949e+00
2.920211553573608398e+00
-3.043478727340698242e-01
-4.086251854896545410e-01
-7.990008592605590820e-02
1.103782773017883301e+00
4.577829241752624512e-01
-2.609978616237640381e-01
6.164571046829223633e-01
1.532585859298706055e+00
5.040457099676132202e-02
-9.124066233634948730e-01
-1.496831536293029785e+00
-7.973546981811523438e-01
-3.915538191795349121e-01
1.470744609832763672e+00
-1.450489759445190430e+00
-3.584931373596191406e+00
-3.701364696025848389e-01
-3.512333333492279053e-01
5.853711962699890137e-01
-9.876533746719360352e-01
-1.433302640914916992e+00
3.656367361545562744e-01
-6.730377674102783203e-02
3.811222314834594727e-01
1.304917454719543457e+00
3.639172613620758057e-01
1.939143657684326172e+00
3.774497807025909424e-01
3.574166893959045410e-01
-1.890790581703186035e+00
6.228646039962768555e-01
2.134104251861572266e+00
3.280909299850463867e+00
9.163684844970703125e-01
2.545849382877349854e-01
-1.367767214775085449e+00
1.369532108306884766e+00
5.499476194381713867e-01
1.794587850570678711e+00
1.019035428762435913e-01
8.264511227607727051e-01
4.995447993278503418e-01
1.032997369766235352e+00
1.401079893112182617e+00
4.955718219280242920e-01
-8.062859773635864258e-01
8.371877670288085938e-01
1.041031002998352051e+00
-1.891142129898071289e-02
-4.575654864311218262e-01
4.960754513740539551e-01
-4.015928804874420166e-01
-4.442399144172668457e-01
9.496003389358520508e-01
1.017197608947753906e+00
-6.158375740051269531e-01
6.713120639324188232e-02
-6.896251440048217773e-01
-2.237750291824340820e+00
-3.381084501743316650e-01
-2.702997326850891113e-01
-2.458091974258422852e-01
-2.568067014217376709e-01
-3.434048175811767578e+00
-1.926021873950958252e-01
-1.095004558563232422e+00
-4.759741425514221191e-01
-4.663204848766326904e-01
1.397547483444213867e+00
7.785757184028625488e-01
-6.464833617210388184e-01
1.547170996665954590e+00
-1.223207950592041016e+00
3.766332268714904785e-01
5.951577425003051758e-01
-7.792611122131347656e-01
-1.336335897445678711e+00
3.212815821170806885e-01
1.877659440040588379e+00
-1.217664122581481934e+00
1.943560123443603516e+00
7.297619245946407318e-03
-9.073730111122131348e-01
9.135982394218444824e-02
2.852550029754638672e+00
2.122705221176147461e+00
2.402774244546890259e-01
-2.568791508674621582e-01
-5.647209286689758301e-01
5.051107406616210938e-01
-4.692511558532714844e-01
-4.710730314254760742e-01
-6.045828461647033691e-01
-2.644247770309448242e+00
1.192550182342529297e+00
-8.214470148086547852e-01
-1.041272878646850586e+00
-3.580713868141174316e-01
2.480906009674072266e+00
-7.375140190124511719e-01
-4.008154273033142090e-01
-8.497156500816345215e-01
1.315821707248687744e-02
-6.057942509651184082e-01
2.173311233520507812e+00
-8.962150663137435913e-02
-8.637634515762329102e-01
-1.172066092491149902e+00
-1.507374048233032227e-01
-8.014232516288757324e-01
-1.173481345176696777e-02
-1.788556456565856934e+00
