-5.558118224143981934e-03
-3.871658444404602051e-01
-3.447148203849792480e-01
-1.283097118139266968e-01
-8.661251068115234375e-01
1.635713458061218262e+00
1.009548544883728027e+00
8.705586194992065430e-01
5.777656435966491699e-01
-3.569880723953247070e-01
-1.051010191440582275e-01
5.160629749298095703e-01
9.197630882263183594e-01
1.119509935379028320e-01
8.576022982597351074e-01
5.932956933975219727e-01
-3.451013565063476562e-02
6.227419972419738770e-01
2.149828225374221802e-01
7.338252067565917969e-01
-1.886320710182189941e+00
2.064366102218627930e+00
-1.908054351806640625e-01
-2.655488252639770508e-01
-1.124563574790954590e+00
-1.823739260435104370e-01
8.514081239700317383e-01
-4.743220210075378418e-01
7.221776247024536133e-01
-1.105293393135070801e+00
-1.114634990692138672e+00
-4.248005747795104980e-01
-2.571991920471191406e+00
1.439292669296264648e+00
-1.124154448509216309e+00
1.519859433174133301e-01
1.356584548950195312e+00
-1.811865568161010742e+00
-1.087979078292846680e+00
-3.913943767547607422e-01
1.133722186088562012e+00
-1.728852987289428711e-01
1.788272857666015625e+00
5.448130965232849121e-01
-5.410103797912597656e-01
2.555721998214721680e-01
-1.511224806308746338e-01
1.730284214019775391e+00
6.251201629638671875e-01
-1.059562087059020996e+00
6.448178887367248535e-01
-1.861007928848266602e+00
-3.707527518272399902e-01
-8.219659328460693359e-01
-4.693618118762969971e-01
1.556067228317260742e+00
1.012111186981201172e+00
3.571923375129699707e-01
-9.457052350044250488e-01
-8.558731079101562500e-01
-6.377690434455871582e-01
3.061131715774536133e+00
-1.855082154273986816e+00
6.123387813568115234e-01
1.369002699851989746e+00
7.557877898216247559e-02
1.548918247222900391e+00
8.419868946075439453e-01
3.719572126865386963e-01
-1.743938922882080078e+00
1.929242372512817383e+00
-8.611073493957519531e-01
1.733165264129638672e+00
1.707775115966796875e+00
6.487793922424316406e-01
-2.318674325942993164e+00
1.340271532535552979e-01
-8.210291862487792969e-01
1.283725976943969727e+00
1.870965361595153809e-01
9.350847601890563965e-01
7.833390235900878906e-01
1.771651268005371094e+00
-2.106976211071014404e-01
7.253923416137695312e-01
6.058126688003540039e-01
-9.675585627555847168e-01
-6.948235630989074707e-01
6.001550555229187012e-01
5.895481258630752563e-02
4.684842228889465332e-01
1.752865314483642578e-01
-1.610683441162109375e+00
-4.115363955497741699e-02
-2.755503356456756592e-01
2.512298226356506348e-01
-4.515924453735351562e-01
-1.598427444696426392e-01
-1.318974733352661133e+00
-6.945834159851074219e-01
-2.722584605216979980e-01
-2.029224872589111328e+00
2.587013244628906250e-01
6.899352073669433594e-01
8.598633408546447754e-01
-1.392925977706909180e+00
-3.687777370214462280e-02
-2.075229644775390625e+00
5.839675664901733398e-01
1.916724085807800293e+00
-1.629079103469848633e+00
2.047013282775878906e+00
1.385410130023956299e-01
4.596469700336456299e-01
-1.455310821533203125e+00
-1.730240941047668457e+00
-1.057571172714233398e+00
-1.380352377891540527e+00
-4.872031509876251221e-01
9.990441799163818359e-01
-7.937455773353576660e-01
7.735450267791748047e-01
-1.113174557685852051e+00
-1.783248066902160645e+00
-1.167848110198974609e+00
-4.195659160614013672e+00
1.400357484817504883e+00
2.232259809970855713e-01
