-7.835474014282226562e-01
8.380612730979919434e-01
3.437150120735168457e-01
4.100694954395294189e-01
-5.808128714561462402e-01
9.945314526557922363e-01
8.565657138824462891e-01
9.090547561645507812e-01
-1.611632347106933594e+00
-9.112432599067687988e-03
1.134920120239257812e+00
1.504499763250350952e-01
-1.888769268989562988e-01
2.281972616910934448e-01
2.710341930389404297e+00
-7.328176498413085938e-01
-1.240552186965942383e+00
4.934518337249755859e-01
1.525487303733825684e+00
-6.450592279434204102e-01
2.200907707214355469e+00
-2.357339560985565186e-01
1.767354011535644531e+00
1.494983673095703125e+00
-9.568959474563598633e-01
-1.172583103179931641e-01
2.078381180763244629e-01
2.106015533208847046e-01
-9.136856794357299805e-01
8.864845037460327148e-01
-2.411862850189208984e+00
4.403069913387298584e-01
-1.962503433227539062e+00
7.584909200668334961e-01
6.323115229606628418e-01
-1.664443731307983398e+00
1.218193650245666504e+00
-2.587257385253906250e+00
-1.318169236183166504e+00
-1.567919015884399414e+00
4.167330861091613770e-01
1.918187618255615234e+00
1.420164346694946289e+00
2.032084465026855469e+00
-1.243162274360656738e+00
2.301332205533981323e-01
6.981709003448486328e-01
4.763363301753997803e-01
3.426585197448730469e-01
1.907343983650207520e+00
6.433517932891845703e-01
-1.989386200904846191e+00
-1.088951587677001953e+00
-4.269975125789642334e-01
-4.916441440582275391e-02
-8.232718706130981445e-01
1.950888276100158691e+00
1.664947271347045898e-01
-3.414324522018432617e+00
7.995086312294006348e-01
-3.193502724170684814e-01
2.972521781921386719e+00
3.559424579143524170e-01
-9.975796937942504883e-01
-1.252641975879669189e-01
-6.724481582641601562e-01
-1.629137098789215088e-01
2.136552333831787109e-01
1.638009697198867798e-01
1.187961935997009277e+00
8.642052412033081055e-01
-6.827514767646789551e-01
1.239942073822021484e+00
1.044707536697387695e+00
6.719575524330139160e-01
-1.612133502960205078e+00
-4.660774469375610352e-01
-7.308491468429565430e-01
1.661916971206665039e+00
-8.939755558967590332e-01
-1.979368627071380615e-01
-1.450178623199462891e+00
5.126546695828437805e-02
3.560310006141662598e-01
4.478473663330078125e-01
1.069750040769577026e-01
-5.456277132034301758e-01
-2.526876926422119141e+00
4.241961836814880371e-01
3.944187611341476440e-02
5.064648985862731934e-01
1.166034489870071411e-03
4.072718918323516846e-01
2.057116478681564331e-01
-1.067745685577392578e+00
-1.121099948883056641e+00
1.093356609344482422e+00
1.662996411323547363e-01
-3.381672501564025879e-01
-3.753301501274108887e-01
1.848945498466491699e+00
-8.962008357048034668e-01
2.296428382396697998e-02
3.682131171226501465e-01
1.197530150413513184e+00
-1.085662603378295898e+00
-1.583220124244689941e+00
-1.705265164375305176e+00
-8.862671256065368652e-01
1.080899834632873535e+00
-7.542134523391723633e-01
-6.464440226554870605e-01
4.785259664058685303e-01
-3.297217369079589844e+00
2.653851747512817383e+00
-2.079540491104125977e+00
4.402481317520141602e-01
-7.604276537895202637e-01
-3.869125247001647949e-01
-8.914445042610168457e-01
-2.441266536712646484e+00
1.154645085334777832e+00
1.387467145919799805e+00
-1.339451313018798828e+00
-8.402824401855468750e-02
9.945515990257263184e-01
-2.072096109390258789e+00
1.236340880393981934e+00
