4.378160834312438965e-01
7.741300463676452637e-01
-4.393696188926696777e-01
1.682104319334030151e-01
-2.265487313270568848e-01
-7.053912878036499023e-01
-5.163020491600036621e-01
-6.378328800201416016e-01
5.092172622680664062e-01
-1.757692575454711914e+00
-5.480046272277832031e-01
4.120463728904724121e-01
7.576633095741271973e-01
-1.727775216102600098e+00
1.806133985519409180e+00
9.697490334510803223e-01
-1.297700405120849609e+00
1.020622968673706055e+00
8.448002338409423828e-01
1.647209167480468750e+00
-1.311370491981506348e+00
1.449710369110107422e+00
8.096665740013122559e-01
-2.905488312244415283e-01
-1.239877939224243164e+00
2.360359430313110352e+00
7.475891113281250000e-01
-6.157675385475158691e-01
-6.067435741424560547e-01
1.978663206100463867e-01
-7.960137128829956055e-01
6.032821536064147949e-02
-3.000288605690002441e-01
-5.746867060661315918e-01
3.123983442783355713e-01
2.882317602634429932e-01
-8.750802278518676758e-01
-1.899744868278503418e+00
5.185120701789855957e-01
-3.204564332962036133e+00
8.100759387016296387e-01
-1.194797009229660034e-01
1.387143135070800781e+00
2.526272773742675781e+00
9.646772742271423340e-01
-1.082748174667358398e+00
4.922331571578979492e-01
4.365214407444000244e-01
7.267554402351379395e-01
1.480060458183288574e+00
1.384767651557922363e+00
-1.344826102256774902e+00
-1.043511629104614258e-01
-1.357462406158447266e-01
-1.462326645851135254e+00
-5.934067964553833008e-01
-1.024177670478820801e-01
2.672440052032470703e+00
6.761668324470520020e-01
2.266140460968017578e+00
1.700156569480895996e+00
8.576926589012145996e-01
5.658601522445678711e-01
1.724377036094665527e+00
1.381942510604858398e+00
-1.487792849540710449e+00
-9.435425400733947754e-01
1.503425955772399902e+00
-6.445231288671493530e-02
-3.323487192392349243e-02
-1.081520691514015198e-01
-6.734228134155273438e-02
8.074076771736145020e-01
-1.794413626194000244e-01
1.165313720703125000e+00
-2.133892297744750977e+00
-6.004579663276672363e-01
-7.812763452529907227e-01
1.239423990249633789e+00
-2.445752620697021484e+00
-4.403654932975769043e-01
1.014803767204284668e+00
-1.173584938049316406e+00
-7.871473431587219238e-01
3.393385887145996094e+00
-2.979510784149169922e+00
-1.976088404655456543e+00
1.963554918766021729e-01
9.020357578992843628e-02
2.588676452636718750e+00
3.523167222738265991e-02
-2.892198324203491211e+00
4.315806627273559570e-01
5.400627851486206055e-01
-1.080528378486633301e+00
-3.092131316661834717e-01
1.360122203826904297e+00
1.847132891416549683e-01
-2.184794425964355469e+00
6.949047446250915527e-01
-3.031731843948364258e+00
-5.836026072502136230e-01
1.238792061805725098e+00
-3.180273771286010742e-01
4.633876085281372070e-01
-5.269151180982589722e-02
-1.546563029289245605e+00
6.227097511291503906e-01
1.297501325607299805e-01
-6.235971450805664062e-01
7.528182864189147949e-02
1.277040958404541016e+00
-1.812674045562744141e+00
-1.846094846725463867e+00
-1.541316509246826172e+00
2.692313909530639648e+00
-6.432805061340332031e-01
9.617466926574707031e-01
-1.044489026069641113e+00
3.357542753219604492e-01
3.633210361003875732e-01
-2.522964179515838623e-01
-7.466490566730499268e-02
-2.392654895782470703e+00
5.695366859436035156e-02
-1.403568863868713379e+00
5.993552207946777344e-01
4.185740649700164795e-01
