7.804777622222900391e-01
1.765169948339462280e-01
-2.521876692771911621e-01
-2.321592569351196289e+00
-1.277330279350280762e+00
4.717000126838684082e-01
2.044580698013305664e+00
2.043200492858886719e+00
-1.405145049095153809e+00
-5.886347889900207520e-01
1.243537068367004395e+00
1.990976929664611816e+00
1.367145657539367676e+00
-7.441536188125610352e-01
-5.781253576278686523e-01
4.066984653472900391e-01
-6.762759089469909668e-01
1.826701760292053223e+00
5.597669482231140137e-01
-1.507253408432006836e+00
3.429076671600341797e-01
-3.435595035552978516e-01
3.276196122169494629e-01
1.560287475585937500e-01
-9.661808013916015625e-01
-2.860455587506294250e-02
-1.397402048110961914e+00
-2.111701726913452148e+00
9.968055486679077148e-01
1.761970043182373047e+00
-9.410828351974487305e-01
-3.147024869918823242e+00
-3.502052128314971924e-01
2.109464168548583984e+00
-4.032443836331367493e-02
9.464306831359863281e-01
-8.370594382286071777e-01
-1.556590914726257324e+00
-1.372516155242919922e+00
-1.784666538238525391e+00
8.409332484006881714e-02
2.745503783226013184e-01
1.845999240875244141e+00
-5.562181472778320312e-01
-5.554315447807312012e-02
5.959039926528930664e-01
-1.129918813705444336e+00
1.453927874565124512e+00
1.139004975557327271e-01
5.050268173217773438e-01
1.334069490432739258e+00
-1.195666044950485229e-01
8.162316083908081055e-01
4.564809799194335938e-02
-7.025619745254516602e-01
-2.724336832761764526e-02
6.052116155624389648e-01
1.100959777832031250e-01
-1.543128848075866699e+00
1.466163158416748047e+00
-1.188691020011901855e+00
2.951034545898437500e+00
-2.472870111465454102e+00
7.385451793670654297e-01
1.631459712982177734e+00
-4.248318672180175781e+00
-6.155617237091064453e-01
4.117332994937896729e-01
-3.072135150432586670e-01
-1.347316503524780273e-01
-2.253175377845764160e-01
-1.111919641494750977e+00
1.424476385116577148e+00
-7.380831241607666016e-02
1.127072334289550781e+00
-1.813824415206909180e+00
2.222601920366287231e-01
-9.886329174041748047e-01
-4.806679189205169678e-01
-1.189230680465698242e+00
4.776645898818969727e-01
-8.822928071022033691e-01
-6.549014896154403687e-02
-7.074227333068847656e-01
1.045546770095825195e+00
1.922554731369018555e+00
-4.618728458881378174e-01
-1.026140898466110229e-02
1.413847506046295166e-01
5.627707839012145996e-01
-4.540062546730041504e-01
-8.418512940406799316e-01
-1.433337330818176270e+00
-6.646692752838134766e-01
-1.210166692733764648e+00
2.551880121231079102e+00
6.938523650169372559e-01
-5.484178066253662109e-01
1.099220275878906250e+00
1.681686997413635254e+00
5.358455777168273926e-01
4.033190011978149414e-01
1.338191151618957520e+00
1.827783584594726562e-01
1.081459045410156250e+00
1.440289318561553955e-01
-1.569955229759216309e+00
1.192464470863342285e+00
2.119107007980346680e+00
9.398252964019775391e-01
-7.952859997749328613e-02
7.134227156639099121e-01
1.091964006423950195e+00
-1.878137230873107910e+00
5.549948662519454956e-02
-3.617916703224182129e-01
2.311120986938476562e+00
-1.902752757072448730e+00
-3.120872259140014648e+00
-2.497621923685073853e-01
1.372070789337158203e+00
-9.530141353607177734e-01
1.464568853378295898e+00
-8.386135101318359375e-03
1.647627353668212891e-02
-1.713574171066284180e+00
-1.283522605895996094e+00
-3.370872139930725098e-01
