4.582327604293823242e-01
1.045510292053222656e+00
5.490313768386840820e-01
-1.032521128654479980e-01
1.038645386695861816e+00
4.009453654289245605e-01
-4.914434254169464111e-02
1.428056955337524414e+00
-1.921108514070510864e-01
1.628598123788833618e-01
2.049782752990722656e+00
3.641816079616546631e-01
-1.182383656501770020e+00
-2.230412244796752930e+00
1.161129117012023926e+00
-8.431765437126159668e-01
-1.464536070823669434e+00
1.369573235511779785e+00
1.368879437446594238e+00
-1.977516055107116699e+00
6.730495691299438477e-01
-1.509787559509277344e+00
-1.443353652954101562e+00
5.317733883857727051e-01
-8.746743798255920410e-01
-1.747304320335388184e+00
1.042171835899353027e+00
3.088837563991546631e-01
-4.967834353446960449e-01
1.556418538093566895e-01
-3.480718731880187988e-01
1.440105199813842773e+00
-2.150630712509155273e+00
1.227943420410156250e+00
1.318457841873168945e+00
2.156527936458587646e-01
-3.223264217376708984e-02
-1.140092849731445312e+00
2.730692625045776367e-01
-7.802423834800720215e-01
-1.808407902717590332e-01
3.901554942131042480e-01
2.064566135406494141e+00
7.543153762817382812e-01
5.539739131927490234e-01
-9.411565959453582764e-02
-1.283488631248474121e+00
2.726468324661254883e+00
-1.325745701789855957e+00
2.192063778638839722e-01
2.022047758102416992e+00
-3.726765513420104980e-03
1.384152024984359741e-01
-1.095349669456481934e+00
5.544420480728149414e-01
-9.174150228500366211e-01
1.485360503196716309e+00
7.948127388954162598e-01
3.066560029983520508e+00
6.712571382522583008e-01
-9.202336668968200684e-01
1.958822250366210938e+00
1.779803395271301270e+00
-2.752096354961395264e-01
4.763029515743255615e-02
-1.953984141349792480e+00
-4.007920622825622559e-01
1.676485538482666016e+00
-8.363875150680541992e-01
2.832691967487335205e-01
6.125476956367492676e-01
1.107403278350830078e+00
-4.151740670204162598e-01
-6.633814573287963867e-01
-4.728091955184936523e-01
-1.261162042617797852e+00
-4.553235769271850586e-01
1.695652157068252563e-01
-1.162430286407470703e+00
-2.248821258544921875e+00
-2.746973335742950439e-01
4.634298682212829590e-01
-6.386739015579223633e-01
-7.220619916915893555e-01
2.348639726638793945e+00
-1.466367006301879883e+00
-6.551453471183776855e-01
1.378518342971801758e+00
6.231859922409057617e-01
-7.927413582801818848e-01
1.252586126327514648e+00
-3.264579296112060547e+00
1.321379899978637695e+00
-2.499295175075531006e-01
1.424229741096496582e-01
8.600400388240814209e-02
1.411080956459045410e+00
-8.318364024162292480e-01
-4.130306243896484375e-01
-1.203694820404052734e+00
-1.401790529489517212e-01
2.976791143417358398e+00
-1.096379518508911133e+00
5.353516936302185059e-01
5.877779126167297363e-01
4.661849737167358398e-01
-1.781765222549438477e+00
9.591775536537170410e-01
2.386717796325683594e+00
8.727608919143676758e-01
-7.145205736160278320e-01
-6.023968458175659180e-01
-1.870062708854675293e+00
-3.913671493530273438e+00
1.329846382141113281e-01
-2.360862970352172852e+00
-3.176066875457763672e-01
5.307257771492004395e-01
-1.042226195335388184e+00
3.074927628040313721e-01
-1.109956622123718262e+00
-1.616171479225158691e+00
8.865255117416381836e-01
1.637336611747741699e-02
-1.488387584686279297e-01
1.117843985557556152e-01
-4.393161535263061523e-01
-1.371208906173706055e+00
