6.643368119450232534e-02
5.726708285990262520e-02
5.311475689311093151e-02
5.229821643087234628e-02
5.352628472014412525e-02
5.238868270491810891e-02
5.368010069691978026e-02
5.327334299156337438e-02
5.206953717105525931e-02
5.110338738120005081e-02
5.174699625686238896e-02
5.016997244935578193e-02
4.943122355322261685e-02
4.937955829499390825e-02
4.952862328511645901e-02
4.973958593543777174e-02
4.852741715592001626e-02
4.696054760440401127e-02
4.846475716514368759e-02
4.925392184567917164e-02
5.090049913308770241e-02
5.373027249159444130e-02
5.371864561132175947e-02
5.446217195901115193e-02
5.222488863869060444e-02
5.142676316934726571e-02
5.080909284790503105e-02
5.179350666814133697e-02
5.049173841931314105e-02
4.965747816086903826e-02
5.138142673338004507e-02
4.999650091847827188e-02
5.194981670115884215e-02
5.178364382827829043e-02
5.210229672522664890e-02
5.059624141377006695e-02
5.445499213950263928e-02
5.507824709982986344e-02
5.241935244110484254e-02
5.073552498787819304e-02
5.200171109233346634e-02
4.858641530170393352e-02
4.419683564007904214e-02
4.642237146478363219e-02
5.115072757556474170e-02
5.028115767313998119e-02
5.021724263924661619e-02
5.312114460585766473e-02
5.243749701467995128e-02
4.643477680564941229e-02
5.026358330075915426e-02
4.248708187381048523e-02
4.675280890508610315e-02
3.895142318739142073e-02
4.558007253576887297e-02
0.000000000000000000e+00
0.000000000000000000e+00
0.000000000000000000e+00
0.000000000000000000e+00
0.000000000000000000e+00
0.000000000000000000e+00
0.000000000000000000e+00
0.000000000000000000e+00
0.000000000000000000e+00
0.000000000000000000e+00
0.000000000000000000e+00
0.000000000000000000e+00
0.000000000000000000e+00
0.000000000000000000e+00
0.000000000000000000e+00
0.000000000000000000e+00
0.000000000000000000e+00
0.000000000000000000e+00
0.000000000000000000e+00
0.000000000000000000e+00
0.000000000000000000e+00
0.000000000000000000e+00
0.000000000000000000e+00
0.000000000000000000e+00
0.000000000000000000e+00
0.000000000000000000e+00
0.000000000000000000e+00
0.000000000000000000e+00
0.000000000000000000e+00
0.000000000000000000e+00
0.000000000000000000e+00
0.000000000000000000e+00
0.000000000000000000e+00
0.000000000000000000e+00
0.000000000000000000e+00
0.000000000000000000e+00
0.000000000000000000e+00
0.000000000000000000e+00
0.000000000000000000e+00
0.000000000000000000e+00
0.000000000000000000e+00
0.000000000000000000e+00
0.000000000000000000e+00
0.000000000000000000e+00
0.000000000000000000e+00
0.000000000000000000e+00
0.000000000000000000e+00
0.000000000000000000e+00
0.000000000000000000e+00
0.000000000000000000e+00
0.000000000000000000e+00
0.000000000000000000e+00
0.000000000000000000e+00
0.000000000000000000e+00
0.000000000000000000e+00
0.000000000000000000e+00
0.000000000000000000e+00
0.000000000000000000e+00
0.000000000000000000e+00
0.000000000000000000e+00
0.000000000000000000e+00
0.000000000000000000e+00
0.000000000000000000e+00
0.000000000000000000e+00
0.000000000000000000e+00
0.000000000000000000e+00
0.000000000000000000e+00
0.000000000000000000e+00
0.000000000000000000e+00
0.000000000000000000e+00
0.000000000000000000e+00
0.000000000000000000e+00
0.000000000000000000e+00
