-0.07942496985197067260742187500
-0.18941450119018554687500000000
-0.03490193188190460205078125000
0.02717897854745388031005859375
0.09851812571287155151367187500
-0.28603154420852661132812500000
-0.00242985971271991729736328125
0.00876382272690534591674804688
0.24353842437267303466796875000
-0.40715816617012023925781250000
-0.21809858083724975585937500000
0.15616089105606079101562500000
-0.31142306327819824218750000000
0.06762284040451049804687500000
0.19844660162925720214843750000
-0.09260586649179458618164062500
0.17226964235305786132812500000
-0.18639308214187622070312500000
-0.07433370500802993774414062500
-0.50244671106338500976562500000
-0.13553945720195770263671875000
-0.08196632564067840576171875000
-0.14856585860252380371093750000
-0.16712863743305206298828125000
-0.09741981327533721923828125000
-0.35382950305938720703125000000
-0.19732356071472167968750000000
-0.23798598349094390869140625000
-0.16168650984764099121093750000
-0.14035679399967193603515625000
-0.06936763972043991088867187500
0.21803830564022064208984375000
-0.61937260627746582031250000000
-0.13312761485576629638671875000
-0.25148352980613708496093750000
-0.08211048692464828491210937500
-0.16560341417789459228515625000
-0.36140623688697814941406250000
-0.15796545147895812988281250000
0.24496795237064361572265625000
0.06230920180678367614746093750
-0.00930514093488454818725585938
0.02080640383064746856689453125
-0.30358928442001342773437500000
-0.44698309898376464843750000000
-0.18470311164855957031250000000
-0.23564985394477844238281250000
-0.11478610336780548095703125000
-0.25588032603263854980468750000
0.13859516382217407226562500000
-0.07252940535545349121093750000
0.06257107853889465332031250000
0.07211702316999435424804687500
-0.11176230758428573608398437500
-0.08081107586622238159179687500
0.06503135710954666137695312500
-0.08942205458879470825195312500
-0.80973017215728759765625000000
-0.29793211817741394042968750000
-0.09391326457262039184570312500
-0.13728231191635131835937500000
0.03578121587634086608886718750
-0.12565043568611145019531250000
-0.85070753097534179687500000000
-0.18200689554214477539062500000
0.02732300572097301483154296875
-0.23306621611118316650390625000
-0.23551958799362182617187500000
-0.00018663669470697641372680664
-0.55440241098403930664062500000
0.19585472345352172851562500000
-0.27321377396583557128906250000
0.05107237771153450012207031250
-0.04694110900163650512695312500
0.19006420671939849853515625000
0.17069645226001739501953125000
-0.08592931926250457763671875000
-0.32076039910316467285156250000
-0.06621403992176055908203125000
-0.06775267422199249267578125000
-0.36141741275787353515625000000
0.08033438026905059814453125000
-0.07067929208278656005859375000
-0.06643962115049362182617187500
0.18292777240276336669921875000
-0.15436212718486785888671875000
0.10820423811674118041992187500
0.00227960851043462753295898438
-0.08969409018754959106445312500
-0.22112214565277099609375000000
-0.27162599563598632812500000000
-0.00356777524575591087341308594
-0.29009270668029785156250000000
0.07470546662807464599609375000
-0.08891279995441436767578125000
-0.02045806497335433959960937500
-0.00708954455330967903137207031
-0.40533846616744995117187500000
0.28211224079132080078125000000
-0.14627863466739654541015625000
-0.10378824919462203979492187500
-0.34069508314132690429687500000
0.17402772605419158935546875000
-0.15873548388481140136718750000
-0.33955693244934082031250000000
0.16628310084342956542968750000
-0.01572760194540023803710937500
-0.08892113715410232543945312500
-0.23215129971504211425781250000
0.04868398979306221008300781250
-0.61021155118942260742187500000
-0.01570376381278038024902343750
-0.23600938916206359863281250000
0.06077457219362258911132812500
-0.04844298213720321655273437500
-0.65519249439239501953125000000
0.06983711570501327514648437500
-0.12390486150979995727539062500
-0.30046182870864868164062500000
0.05500218644738197326660156250
-0.16649033129215240478515625000
-0.01784547604620456695556640625
-0.05955682322382926940917968750
0.22322353720664978027343750000
-0.36050117015838623046875000000
-0.18529577553272247314453125000
-0.14251087605953216552734375000
0.36593255400657653808593750000
-0.11216289550065994262695312500
-0.45122939348220825195312500000
0.15699937939643859863281250000
-0.05604410171508789062500000000
-0.05897279828786849975585937500
0.13293603062629699707031250000
-0.09495538473129272460937500000
0.06360640376806259155273437500
-0.22836856544017791748046875000
-0.12801764905452728271484375000
-0.03908527642488479614257812500
-0.22375701367855072021484375000
-0.06063085421919822692871093750
-1.07468247413635253906250000000
0.17934994399547576904296875000
-0.20854437351226806640625000000
0.13428042829036712646484375000
0.24718897044658660888671875000
0.15024481713771820068359375000
-0.03704890608787536621093750000
0.09173334389925003051757812500
-0.11793801188468933105468750000
-0.07509218901395797729492187500
-0.27754157781600952148437500000
0.25108000636100769042968750000
-0.03026279807090759277343750000
0.00092254293849691748619079590
-0.15490882098674774169921875000
-0.10702633857727050781250000000
-0.10088739544153213500976562500
-0.04171837866306304931640625000
0.02999372035264968872070312500
0.00410483730956912040710449219
-0.24565741419792175292968750000
-0.04147264733910560607910156250
0.12490081787109375000000000000
-0.23877714574337005615234375000
-0.48737081885337829589843750000
-0.10804376006126403808593750000
-0.12642943859100341796875000000
-0.57316392660140991210937500000
-0.08587630093097686767578125000
0.08527026325464248657226562500
-0.02809204906225204467773437500
0.30361804366111755371093750000
0.17468674480915069580078125000
-0.08294467628002166748046875000
0.07274872064590454101562500000
0.06505524367094039916992187500
0.13705103099346160888671875000
-0.46302151679992675781250000000
-0.05576356127858161926269531250
-0.00734374346211552619934082031
0.32891201972961425781250000000
0.10724565386772155761718750000
0.17444086074829101562500000000
-0.05613820627331733703613281250
0.02311358600854873657226562500
-0.00508684339001774787902832031
-0.24890035390853881835937500000
0.04557531327009201049804687500
0.11285246163606643676757812500
-0.14795096218585968017578125000
0.10170269757509231567382812500
-0.07992748916149139404296875000
-0.15729647874832153320312500000
-0.33167243003845214843750000000
0.04051101580262184143066406250
-0.23527480661869049072265625000
-0.21624965965747833251953125000
-0.06638293713331222534179687500
0.02955132909119129180908203125
-0.09168484807014465332031250000
-0.29006746411323547363281250000
-0.05534188449382781982421875000
-0.50711649656295776367187500000
0.21867974102497100830078125000
-0.31339329481124877929687500000
0.02723157405853271484375000000
-0.06144040450453758239746093750
-0.18173602223396301269531250000
0.02357475273311138153076171875
-0.01755068264901638031005859375
-0.52171683311462402343750000000
-0.09394773095846176147460937500
-0.03692885488271713256835937500
-0.03400234878063201904296875000
-0.12922282516956329345703125000
-0.01400726847350597381591796875
-0.12144660949707031250000000000
-0.13994528353214263916015625000
0.18149338662624359130859375000
-0.49724102020263671875000000000
0.02251640334725379943847656250
-0.04806541278958320617675781250
0.02498011849820613861083984375
0.03063077293336391448974609375
-0.22160816192626953125000000000
-0.34032371640205383300781250000
-0.09556526690721511840820312500
-0.19131438434123992919921875000
-0.08295062929391860961914062500
0.15511210262775421142578125000
-0.18083158135414123535156250000
-0.16551706194877624511718750000
-0.20944213867187500000000000000
-0.03748079389333724975585937500
0.05372553691267967224121093750
-0.10530341416597366333007812500
-0.02996715530753135681152343750
-0.23136985301971435546875000000
-0.42906486988067626953125000000
-0.29502984881401062011718750000
-0.29583024978637695312500000000
-0.27673643827438354492187500000
0.00161126104649156332015991211
-0.59630006551742553710937500000
-0.23548157513141632080078125000
-0.16770116984844207763671875000
0.09454286843538284301757812500
-0.07811129093170166015625000000
-0.25127670168876647949218750000
-0.17985881865024566650390625000
-0.07086410373449325561523437500
0.12115906178951263427734375000
-0.05738690122961997985839843750
-0.62463861703872680664062500000
-0.46784207224845886230468750000
-0.65802526473999023437500000000
-0.29192847013473510742187500000
-0.01476705912500619888305664062
-0.04776522517204284667968750000
-0.15340945124626159667968750000
0.12689453363418579101562500000
-0.01742011308670043945312500000
0.07287275046110153198242187500
0.03115493804216384887695312500
0.20956222712993621826171875000
-0.04393732175230979919433593750
-0.77968561649322509765625000000
-0.30925789475440979003906250000
-0.00507775647565722465515136719
-0.23527845740318298339843750000
-0.02967024967074394226074218750
-0.10493801534175872802734375000
-0.04024005308747291564941406250
0.02173684909939765930175781250
-0.01432869303971529006958007812
-0.02998272329568862915039062500
-0.12688849866390228271484375000
-0.47031959891319274902343750000
-0.10897818207740783691406250000
-0.26076138019561767578125000000
-0.02150003425776958465576171875
-0.17767940461635589599609375000
-0.03623881936073303222656250000
-0.85330814123153686523437500000
-0.20350287854671478271484375000
-0.10964400321245193481445312500
0.18379338085651397705078125000
-0.05893558636307716369628906250
-0.12501537799835205078125000000
0.04768624901771545410156250000
-0.17083179950714111328125000000
0.02605203725397586822509765625
-0.39605259895324707031250000000
0.00560520030558109283447265625
-0.32942059636116027832031250000
-0.52255040407180786132812500000
0.01894610747694969177246093750
0.00669645750895142555236816406
-0.17424157261848449707031250000
0.06531692296266555786132812500
-0.33293351531028747558593750000
-0.07271259278059005737304687500
-0.56817615032196044921875000000
-0.19695720076560974121093750000
-0.00500073237344622611999511719
0.11268728226423263549804687500
-0.24570870399475097656250000000
-0.07675465196371078491210937500
0.04663141444325447082519531250
0.06010548397898674011230468750
-0.17662034928798675537109375000
-0.25115329027175903320312500000
-0.39576572179794311523437500000
-0.05081343650817871093750000000
-0.33090126514434814453125000000
-0.05133256316184997558593750000
-0.08431430906057357788085937500
0.07738127559423446655273437500
-0.16118039190769195556640625000
-0.23330950736999511718750000000
-0.25969374179840087890625000000
-0.31930452585220336914062500000
-0.17224399745464324951171875000
-0.02758389711380004882812500000
0.05627159774303436279296875000
-0.09086188673973083496093750000
-0.07770844548940658569335937500
-0.49312746524810791015625000000
-0.43270587921142578125000000000
-0.39344084262847900390625000000
-0.14185880124568939208984375000
0.13575792312622070312500000000
-0.11124992370605468750000000000
-0.04437568783760070800781250000
-0.06441693753004074096679687500
0.05751315131783485412597656250
-0.61236387491226196289062500000
-0.28285741806030273437500000000
-0.05366727337241172790527343750
0.14824040234088897705078125000
-0.35875049233436584472656250000
-0.31684607267379760742187500000
0.01546344906091690063476562500
0.02216211147606372833251953125
-0.16363541781902313232421875000
0.10322494804859161376953125000
-0.11596920341253280639648437500
-0.15463188290596008300781250000
-0.27500328421592712402343750000
-0.40492373704910278320312500000
0.11955693364143371582031250000
-0.05386309325695037841796875000
0.07155866920948028564453125000
-0.87933653593063354492187500000
-0.18154433369636535644531250000
-0.14017254114151000976562500000
-0.66499596834182739257812500000
-0.69200688600540161132812500000
-0.41041344404220581054687500000
0.00336439092643558979034423828
-0.20968648791313171386718750000
-0.12337610870599746704101562500
-0.01168459188193082809448242188
0.12836104631423950195312500000
-0.14503766596317291259765625000
-0.72004067897796630859375000000
-0.04385211318731307983398437500
0.13013122975826263427734375000
-0.01591648161411285400390625000
-0.10164188593626022338867187500
-0.12534017860889434814453125000
0.12054443359375000000000000000
-0.08243488520383834838867187500
-0.53610885143280029296875000000
0.07436305284500122070312500000
-0.12972736358642578125000000000
-0.24290166795253753662109375000
0.00832443404942750930786132812
0.02589301019906997680664062500
0.16397528350353240966796875000
-0.18675701320171356201171875000
-0.62904053926467895507812500000
0.22829668223857879638671875000
-0.27260652184486389160156250000
-0.08693487942218780517578125000
0.14536230266094207763671875000
-0.26787620782852172851562500000
-0.05124406144022941589355468750
-0.03197953477501869201660156250
0.14335617423057556152343750000
0.03338836506009101867675781250
-0.03955141827464103698730468750
-0.00067301868693903088569641113
-0.41304898262023925781250000000
0.11952315270900726318359375000
0.00190593989100307226181030273
0.03323269635438919067382812500
-0.00338698690757155418395996094
-0.12298338860273361206054687500
-0.18573264777660369873046875000
-0.14644312858581542968750000000
-0.59317433834075927734375000000
0.01577127166092395782470703125
-0.04057890549302101135253906250
-0.46194395422935485839843750000
-0.27882677316665649414062500000
-0.21148888766765594482421875000
-0.21291045844554901123046875000
-0.07967425882816314697265625000
-0.36516043543815612792968750000
-0.08638908714056015014648437500
-0.06000749766826629638671875000
-0.03043406642973423004150390625
0.11435837298631668090820312500
-0.00083361368160694837570190430
-0.48544925451278686523437500000
-0.07893142849206924438476562500
-0.62039405107498168945312500000
0.00219574104994535446166992188
-0.02964554540812969207763671875
0.00301263807341456413269042969
-0.15709519386291503906250000000
0.06880135089159011840820312500
-1.02990031242370605468750000000
0.04441792145371437072753906250
-0.08220677822828292846679687500
-0.02321648970246315002441406250
-0.55262202024459838867187500000
-0.07537863403558731079101562500
0.04086834937334060668945312500
-0.07803358882665634155273437500
-0.08094711601734161376953125000
-0.21711602807044982910156250000
-0.01798149198293685913085937500
-0.07537946850061416625976562500
0.01772722974419593811035156250
-0.35919761657714843750000000000
0.07853062450885772705078125000
-0.05795150995254516601562500000
-0.15812899172306060791015625000
-0.39606517553329467773437500000
0.18031555414199829101562500000
-0.23437136411666870117187500000
0.01463346462696790695190429688
-0.18847575783729553222656250000
-0.02032240107655525207519531250
0.09107834845781326293945312500
-0.49639037251472473144531250000
0.11750490963459014892578125000
-0.19514203071594238281250000000
-0.07085589319467544555664062500
-0.18984292447566986083984375000
-0.23306760191917419433593750000
-0.08082466572523117065429687500
-0.46804225444793701171875000000
-0.95468056201934814453125000000
0.16909328103065490722656250000
-0.03193939104676246643066406250
-0.19173732399940490722656250000
-0.10634884983301162719726562500
0.09456373751163482666015625000
-0.30611446499824523925781250000
0.00779584655538201332092285156
-0.12523607909679412841796875000
-0.23131267726421356201171875000
0.00067921442678198218345642090
-0.17308720946311950683593750000
-0.45836049318313598632812500000
0.04052745550870895385742187500
-0.13484041392803192138671875000
0.00202635582536458969116210938
-0.31889247894287109375000000000
-0.08346919715404510498046875000
-0.21400213241577148437500000000
-0.68912786245346069335937500000
-0.49912673234939575195312500000
-0.19530160725116729736328125000
-0.59321165084838867187500000000
-0.42807799577713012695312500000
-0.13158546388149261474609375000
0.09461805224418640136718750000
-0.06568603962659835815429687500
0.00565176736563444137573242188
-0.14958988130092620849609375000
0.10201175510883331298828125000
0.03071563690900802612304687500
-0.11499277502298355102539062500
-0.14984767138957977294921875000
-0.07803820073604583740234375000
-0.37731739878654479980468750000
0.23629552125930786132812500000
0.03332023695111274719238281250
-0.22081069648265838623046875000
0.04614697024226188659667968750
-0.30710935592651367187500000000
-0.30454394221305847167968750000
-0.13207386434078216552734375000
-0.03322137147188186645507812500
-0.27041810750961303710937500000
0.14421586692333221435546875000
0.19792279601097106933593750000
-0.12835478782653808593750000000
-1.11880278587341308593750000000
-0.00493357842788100242614746094
-0.06620571017265319824218750000
-0.28361853957176208496093750000
0.16357401013374328613281250000
0.05231507122516632080078125000
-0.02994212321937084197998046875
-0.25203639268875122070312500000
0.07686167955398559570312500000
