4.805131047475803135e-02
1.414570617206928511e-02
1.063018181354002598e-02
1.052114657297502712e-02
9.562449839471860724e-03
8.211288558782808833e-03
8.817800275674386734e-03
8.911457532306732779e-03
8.643898058317861510e-03
8.801769546523252954e-03
9.472254700839257552e-03
8.094415948174241149e-03
7.702615754430344047e-03
5.460620353838359017e-03
7.021847370084451263e-03
8.373831982472147023e-03
1.022061224155271925e-02
9.275949037732690583e-03
9.277225000069925023e-03
7.049453120897054316e-03
8.682554190420181672e-03
8.749022040809715378e-03
1.011831732474152180e-02
8.998865743435887493e-03
8.763833543884292157e-03
8.285728555981435386e-03
6.967351876718885957e-03
5.880686161448950115e-03
3.070180906572536270e-03
3.659716972971550908e-03
2.116778487431024078e-03
3.947434346765913392e-03
6.907859825079262425e-03
8.494112860837831416e-03
7.040283968419036413e-03
7.197681884381672106e-03
8.232685835987293282e-03
9.965029801574864024e-03
7.319629616377189979e-03
8.305553093103820034e-03
5.340440177451385301e-03
7.833324368720607014e-03
1.047456825511632918e-02
9.674864773662994813e-03
1.009353746166430192e-02
1.588798917017867837e-02
1.853793333363650681e-02
1.824584828298987660e-02
1.225399381089360695e-02
1.135413395317359103e-02
1.347474481428722129e-02
1.370701195550191875e-02
7.918842609048385231e-03
1.724090776089508628e-02
3.465881962238184094e-02
0.000000000000000000e+00
0.000000000000000000e+00
0.000000000000000000e+00
0.000000000000000000e+00
0.000000000000000000e+00
0.000000000000000000e+00
0.000000000000000000e+00
0.000000000000000000e+00
0.000000000000000000e+00
0.000000000000000000e+00
0.000000000000000000e+00
0.000000000000000000e+00
0.000000000000000000e+00
0.000000000000000000e+00
0.000000000000000000e+00
0.000000000000000000e+00
0.000000000000000000e+00
0.000000000000000000e+00
0.000000000000000000e+00
0.000000000000000000e+00
0.000000000000000000e+00
0.000000000000000000e+00
0.000000000000000000e+00
0.000000000000000000e+00
0.000000000000000000e+00
0.000000000000000000e+00
0.000000000000000000e+00
0.000000000000000000e+00
0.000000000000000000e+00
0.000000000000000000e+00
0.000000000000000000e+00
0.000000000000000000e+00
0.000000000000000000e+00
0.000000000000000000e+00
0.000000000000000000e+00
0.000000000000000000e+00
0.000000000000000000e+00
0.000000000000000000e+00
0.000000000000000000e+00
0.000000000000000000e+00
0.000000000000000000e+00
0.000000000000000000e+00
0.000000000000000000e+00
0.000000000000000000e+00
0.000000000000000000e+00
0.000000000000000000e+00
0.000000000000000000e+00
0.000000000000000000e+00
0.000000000000000000e+00
0.000000000000000000e+00
0.000000000000000000e+00
0.000000000000000000e+00
0.000000000000000000e+00
0.000000000000000000e+00
0.000000000000000000e+00
0.000000000000000000e+00
0.000000000000000000e+00
0.000000000000000000e+00
0.000000000000000000e+00
0.000000000000000000e+00
0.000000000000000000e+00
0.000000000000000000e+00
0.000000000000000000e+00
0.000000000000000000e+00
0.000000000000000000e+00
0.000000000000000000e+00
0.000000000000000000e+00
0.000000000000000000e+00
0.000000000000000000e+00
0.000000000000000000e+00
0.000000000000000000e+00
0.000000000000000000e+00
0.000000000000000000e+00
