-3.383045433490704246e-02
-4.689138747464170753e-02
-4.320052751297193822e-02
-4.194874763842684762e-02
-3.849735236740708944e-02
-3.583471496309555832e-02
-3.667368545025994492e-02
-3.533623114666153281e-02
-3.301200050649905765e-02
-3.385619903604034781e-02
-3.394064677150061132e-02
-3.581378040060231860e-02
-4.000193681582012856e-02
-4.299498073872764364e-02
-4.268948480915176619e-02
-4.226998873426669745e-02
-4.070221142378349644e-02
-4.325763692274276623e-02
-4.092437728857266366e-02
-4.212762593354266172e-02
-4.009062072930468651e-02
-3.727317047412721102e-02
-3.060329934380081815e-02
-3.414118965449501608e-02
-3.468711091296441951e-02
-3.230785785731027371e-02
-2.926372943560165071e-02
-3.129290645015246619e-02
-3.783788389621376563e-02
-3.745859562807606763e-02
-3.794657692710982216e-02
-3.860214509229593222e-02
-3.618565011123895531e-02
-3.915437123597987484e-02
-3.589729976884486334e-02
-3.173189588423301621e-02
-3.465287223481833268e-02
-3.134841468281219373e-02
-3.688161652969029064e-02
-3.338290816163935748e-02
-3.824066022218397531e-02
-3.752546645040611556e-02
-3.822922221772226403e-02
-4.120191411354770517e-02
-4.212576296359885064e-02
-3.980083151775187789e-02
-4.072657806877826026e-02
-4.014559949026802466e-02
-3.668524266777744430e-02
-3.410901605439272538e-02
-3.544325775104831266e-02
-3.623692053970561239e-02
-4.948334692050963129e-02
-4.596823422981405338e-02
-4.892271117435002814e-02
0.000000000000000000e+00
0.000000000000000000e+00
0.000000000000000000e+00
0.000000000000000000e+00
0.000000000000000000e+00
0.000000000000000000e+00
0.000000000000000000e+00
0.000000000000000000e+00
0.000000000000000000e+00
0.000000000000000000e+00
0.000000000000000000e+00
0.000000000000000000e+00
0.000000000000000000e+00
0.000000000000000000e+00
0.000000000000000000e+00
0.000000000000000000e+00
0.000000000000000000e+00
0.000000000000000000e+00
0.000000000000000000e+00
0.000000000000000000e+00
0.000000000000000000e+00
0.000000000000000000e+00
0.000000000000000000e+00
0.000000000000000000e+00
0.000000000000000000e+00
0.000000000000000000e+00
0.000000000000000000e+00
0.000000000000000000e+00
0.000000000000000000e+00
0.000000000000000000e+00
0.000000000000000000e+00
0.000000000000000000e+00
0.000000000000000000e+00
0.000000000000000000e+00
0.000000000000000000e+00
0.000000000000000000e+00
0.000000000000000000e+00
0.000000000000000000e+00
0.000000000000000000e+00
0.000000000000000000e+00
0.000000000000000000e+00
0.000000000000000000e+00
0.000000000000000000e+00
0.000000000000000000e+00
0.000000000000000000e+00
0.000000000000000000e+00
0.000000000000000000e+00
0.000000000000000000e+00
0.000000000000000000e+00
0.000000000000000000e+00
0.000000000000000000e+00
0.000000000000000000e+00
0.000000000000000000e+00
0.000000000000000000e+00
0.000000000000000000e+00
0.000000000000000000e+00
0.000000000000000000e+00
0.000000000000000000e+00
0.000000000000000000e+00
0.000000000000000000e+00
0.000000000000000000e+00
0.000000000000000000e+00
0.000000000000000000e+00
0.000000000000000000e+00
0.000000000000000000e+00
0.000000000000000000e+00
0.000000000000000000e+00
0.000000000000000000e+00
0.000000000000000000e+00
0.000000000000000000e+00
0.000000000000000000e+00
0.000000000000000000e+00
0.000000000000000000e+00
