-1.754450678825378418e+00
3.061341345310211182e-01
7.321146726608276367e-01
1.292248815298080444e-01
-2.496198177337646484e+00
3.454890251159667969e-01
-5.576313138008117676e-01
2.106617927551269531e+00
1.579880475997924805e+00
5.282464623451232910e-01
1.725767612457275391e+00
6.817396283149719238e-01
-1.259714603424072266e+00
6.129573583602905273e-01
-1.650881171226501465e+00
-2.084146022796630859e+00
-2.809448838233947754e-01
2.734116792678833008e+00
-1.566005498170852661e-01
-6.921611726284027100e-02
9.161310195922851562e-01
3.611903786659240723e-01
9.510480761528015137e-01
-1.325195908546447754e+00
-1.020088672637939453e+00
3.640691936016082764e-01
1.900702357292175293e+00
1.310124397277832031e+00
9.546982049942016602e-01
2.153369784355163574e-01
1.690539956092834473e+00
-8.268547654151916504e-01
1.384009122848510742e+00
-2.508954107761383057e-01
-4.286114275455474854e-01
-1.990081071853637695e+00
-1.758703589439392090e+00
1.646334767341613770e+00
-2.418496847152709961e+00
-5.586206316947937012e-01
-2.816141545772552490e-01
-1.389955282211303711e-01
1.445161104202270508e+00
1.778304815292358398e+00
-1.311997771263122559e-01
-4.526714086532592773e-01
1.737026095390319824e+00
7.222127914428710938e-01
-3.675515055656433105e-01
2.472150325775146484e+00
-1.725081205368041992e-01
-3.702730417251586914e+00
-3.937229216098785400e-01
1.555807828903198242e+00
1.670465588569641113e+00
1.247874021530151367e+00
7.766272425651550293e-01
4.478090405464172363e-01
4.822452664375305176e-01
1.319704532623291016e+00
-8.578947782516479492e-01
1.279086828231811523e+00
-1.154412388801574707e+00
-1.104922771453857422e+00
-2.901341021060943604e-02
-1.404438138008117676e+00
-7.011656165122985840e-01
1.581735968589782715e+00
-2.125210464000701904e-01
-2.781400680541992188e-01
2.281161397695541382e-01
1.011968180537223816e-01
-1.287215232849121094e+00
3.481380641460418701e-01
8.971453309059143066e-01
-7.209507822990417480e-01
1.823480606079101562e+00
1.291449546813964844e+00
-6.345691680908203125e-01
-2.165259361267089844e+00
3.365849852561950684e-01
-1.278208255767822266e+00
1.190428495407104492e+00
2.506401538848876953e-01
-2.940763950347900391e+00
-1.376267433166503906e+00
1.358340024948120117e+00
-9.285765886306762695e-01
-3.455139994621276855e-01
5.196483731269836426e-01
9.321401715278625488e-01
-4.113369584083557129e-01
-2.846991539001464844e+00
1.911424040794372559e+00
-1.502101182937622070e+00
-5.417876243591308594e-01
1.496704816818237305e-01
-1.655439436435699463e-01
1.500212669372558594e+00
8.329406380653381348e-01
7.887077331542968750e-01
7.099418044090270996e-01
-7.258184552192687988e-01
1.127717733383178711e+00
2.197296380996704102e+00
-4.994332194328308105e-01
-1.038632631301879883e+00
-9.928812980651855469e-01
-1.526139259338378906e+00
-2.973315000534057617e+00
-1.049408435821533203e+00
5.692868232727050781e-01
2.127735137939453125e+00
5.739965438842773438e-01
2.086745202541351318e-01
-1.185112595558166504e+00
-1.210243940353393555e+00
-2.464575469493865967e-01
-9.571021199226379395e-01
7.178843617439270020e-01
-4.092184305191040039e-01
-9.970719218254089355e-01
-7.358905076980590820e-01
-1.638407260179519653e-01
-4.200494289398193359e-01
-6.274263262748718262e-01
-4.688162207603454590e-01
-8.549038767814636230e-01
