7.164541482925415039e-01
-3.919686675071716309e-01
6.675122976303100586e-01
-2.450412750244140625e+00
-2.710537672042846680e+00
-4.432043433189392090e-01
2.248405933380126953e+00
1.928375482559204102e+00
-1.300662636756896973e+00
-7.887812852859497070e-01
2.331449985504150391e+00
8.567994832992553711e-01
2.718760251998901367e+00
3.124760985374450684e-01
7.161053419113159180e-01
-1.017619729042053223e+00
-3.002423644065856934e-01
1.013861656188964844e+00
-1.152564883232116699e+00
1.141554832458496094e+00
4.454824328422546387e-02
2.260736823081970215e-01
8.889649510383605957e-01
3.113131523132324219e+00
-1.722420930862426758e+00
-2.335851490497589111e-01
-8.383365869522094727e-01
-8.396499752998352051e-01
5.871011018753051758e-01
1.379076480865478516e+00
-2.187867164611816406e+00
-2.345959663391113281e+00
-6.064134240150451660e-01
-1.606228113174438477e+00
9.732896089553833008e-02
1.107509374618530273e+00
-1.671427249908447266e+00
-4.497689604759216309e-01
9.999306499958038330e-02
-1.723763465881347656e+00
-1.516978263854980469e+00
-6.656184792518615723e-01
1.483131885528564453e+00
7.439725399017333984e-01
8.971620202064514160e-01
2.009610891342163086e+00
-1.472952514886856079e-01
1.639665842056274414e+00
-5.122501254081726074e-01
1.224575638771057129e+00
1.056889533996582031e+00
-5.359939336776733398e-01
2.136786222457885742e+00
8.606983423233032227e-01
-1.841358244419097900e-01
-9.621137380599975586e-01
9.195803403854370117e-01
1.294201016426086426e-01
-1.816861331462860107e-02
1.312178134918212891e+00
7.907351255416870117e-01
2.893765568733215332e-01
-1.009832143783569336e+00
2.252494841814041138e-01
1.302688419818878174e-01
-2.187115669250488281e+00
1.229131937026977539e+00
-7.783232927322387695e-01
3.100568652153015137e-01
2.109823822975158691e-01
9.881082773208618164e-01
1.447669148445129395e+00
2.159973382949829102e+00
-5.616779923439025879e-01
-3.768869638442993164e-01
-1.604785203933715820e+00
-8.802344202995300293e-01
-1.566530823707580566e+00
-1.599663496017456055e+00
-9.712658524513244629e-01
-6.664533019065856934e-01
-2.161485999822616577e-01
3.684414923191070557e-01
-9.074643850326538086e-01
1.758920073509216309e+00
-1.075993403792381287e-01
5.544638261198997498e-02
3.869189023971557617e-01
-1.217222690582275391e+00
1.998266130685806274e-01
-4.878685474395751953e-01
-1.304944515228271484e+00
-3.290180861949920654e-01
1.157685279846191406e+00
8.698468208312988281e-01
-1.288061589002609253e-02
1.080759167671203613e+00
3.258207142353057861e-01
6.206065416336059570e-01
2.119039535522460938e+00
1.746565222740173340e+00
-2.177955955266952515e-01
-9.941210150718688965e-01
-9.711334705352783203e-01
1.370327353477478027e+00
6.343422532081604004e-01
-3.938718140125274658e-02
1.165660262107849121e+00
-2.352811545133590698e-01
-1.491897344589233398e+00
-1.240166425704956055e+00
-2.528143823146820068e-01
-1.842702388763427734e+00
-1.738839864730834961e+00
1.724973917007446289e+00
-1.012748241424560547e+00
7.327413558959960938e-01
-1.331586837768554688e+00
-2.614052057266235352e+00
-8.142756819725036621e-01
-9.630984663963317871e-01
-4.628301411867141724e-02
9.498013257980346680e-01
-5.992293953895568848e-01
-9.106416702270507812e-01
-1.185266017913818359e+00
8.145794272422790527e-01
9.812221527099609375e-01
