-5.824055671691894531e-01
6.705854088068008423e-02
-1.614924520254135132e-01
2.269075065851211548e-01
2.059996366500854492e+00
7.895609140396118164e-01
1.783597230911254883e+00
9.795236587524414062e-01
6.063550114631652832e-01
1.307243347167968750e+00
2.152583122253417969e+00
2.206068187952041626e-01
7.919882535934448242e-01
9.442389607429504395e-01
6.983485072851181030e-03
-2.492513656616210938e-01
-9.712877273559570312e-01
6.485034823417663574e-01
-2.531334459781646729e-01
-8.306301832199096680e-01
-1.508126378059387207e+00
-1.304352283477783203e+00
9.147803187370300293e-01
7.976641058921813965e-01
-2.330032348632812500e+00
2.247061580419540405e-01
7.276055812835693359e-01
-5.336740016937255859e-01
1.453698873519897461e+00
3.345262050628662109e+00
3.445940315723419189e-01
-1.265173673629760742e+00
1.605251729488372803e-01
-2.003004550933837891e+00
-6.677492260932922363e-01
8.274508714675903320e-01
7.670916318893432617e-01
-8.014017939567565918e-01
-1.460679769515991211e+00
8.881364464759826660e-01
5.517184734344482422e-01
4.691390693187713623e-01
4.442802667617797852e-01
-9.106744527816772461e-01
2.559860229492187500e+00
1.483784019947052002e-01
-8.462514877319335938e-01
-3.595774173736572266e-01
-1.350501537322998047e+00
9.807040691375732422e-01
-6.684423685073852539e-01
-3.991627395153045654e-01
-2.776094675064086914e-01
-8.729816675186157227e-01
-6.572679281234741211e-01
-1.423347592353820801e-01
1.075439214706420898e+00
-8.542904257774353027e-01
-1.479510307312011719e+00
1.175874471664428711e+00
-1.413743734359741211e+00
1.854372262954711914e+00
-1.137504577636718750e+00
-1.242957949638366699e+00
6.930178403854370117e-01
-4.926419854164123535e-01
-1.721837520599365234e-01
1.123918816447257996e-01
2.580436766147613525e-01
-1.953835606575012207e+00
2.883818149566650391e-01
-7.731921672821044922e-01
4.515696167945861816e-01
1.774821043014526367e+00
-4.141601324081420898e-01
-1.531182527542114258e+00
2.838072180747985840e-02
1.971963196992874146e-01
-3.731096684932708740e-01
-1.035977125167846680e+00
2.070310711860656738e-02
-1.393332958221435547e+00
1.977770328521728516e-01
-1.548995018005371094e+00
7.981117963790893555e-01
7.480813562870025635e-02
4.585911035537719727e-01
-2.058974027633666992e+00
-1.154841184616088867e+00
7.265501618385314941e-01
2.097880840301513672e-02
-1.838868111371994019e-01
2.508684992790222168e-01
1.257133632898330688e-01
-5.729050636291503906e-01
2.378664165735244751e-01
2.712064385414123535e-01
-4.531376361846923828e-01
-1.929400920867919922e+00
1.751794815063476562e+00
-1.464464902877807617e+00
-7.258962988853454590e-01
8.029874563217163086e-01
4.460064411163330078e+00
-1.154341340065002441e+00
-1.809426069259643555e+00
-1.434373378753662109e+00
-1.935956239700317383e+00
2.518364429473876953e+00
-5.021064281463623047e-01
1.789970040321350098e+00
2.919957876205444336e+00
-4.625208973884582520e-01
6.934934854507446289e-01
-1.885723590850830078e+00
-3.103675603866577148e+00
7.448915839195251465e-01
8.175206184387207031e-02
-1.209102034568786621e+00
-2.337802201509475708e-03
-4.592375159263610840e-01
1.227404594421386719e+00
-1.405599415302276611e-01
-1.273077607154846191e+00
-6.687626838684082031e-01
1.489207744598388672e+00
1.067130923271179199e+00
1.987473368644714355e+00
