2.216230154037475586e+00
-5.067760348320007324e-01
4.389787912368774414e-01
-3.134599626064300537e-01
-1.059888839721679688e+00
-2.043705806136131287e-02
2.311035633087158203e+00
6.171141862869262695e-01
3.511117398738861084e-01
-1.986317873001098633e+00
2.691974401473999023e+00
1.157799959182739258e+00
-1.599598675966262817e-01
-8.003705739974975586e-01
-2.914364337921142578e-01
-5.482171773910522461e-01
-9.372938871383666992e-01
-1.897990584373474121e+00
-7.567176222801208496e-02
-6.431641429662704468e-02
-1.380201339721679688e+00
-1.096950054168701172e+00
-7.275473475456237793e-01
3.178115606307983398e+00
-2.206447124481201172e+00
1.814291954040527344e+00
-8.404129743576049805e-01
-1.499022245407104492e-01
8.025228977203369141e-01
-9.484491944313049316e-01
1.164055347442626953e+00
-2.192911624908447266e+00
-2.057647705078125000e+00
1.327864766120910645e+00
-1.385388970375061035e+00
1.454716086387634277e+00
-4.322742819786071777e-01
3.941838741302490234e-01
-8.890328407287597656e-01
-1.719192981719970703e+00
-2.078158140182495117e+00
1.362693905830383301e+00
3.043474555015563965e-01
1.487365603446960449e+00
-6.473813652992248535e-01
2.940353631973266602e+00
-1.521816730499267578e+00
-3.198174238204956055e-01
-8.439318537712097168e-01
-1.832713723182678223e+00
4.348613023757934570e-01
4.420228600502014160e-01
-3.716995418071746826e-01
-1.141310334205627441e-01
1.098883271217346191e+00
1.910530090332031250e+00
-3.256385326385498047e-01
-2.575723528861999512e-01
-1.281792223453521729e-01
1.402191400527954102e+00
4.855216443538665771e-01
1.967122077941894531e+00
-1.425022959709167480e+00
1.112105607986450195e+00
-1.715013742446899414e+00
-6.263794302940368652e-01
-1.190949082374572754e-01
1.248067498207092285e+00
-1.584346294403076172e+00
4.679132699966430664e-01
-1.062867790460586548e-02
-4.480925798416137695e-01
5.799222588539123535e-01
1.643560767173767090e+00
2.765870809555053711e+00
-2.425063848495483398e+00
1.631000518798828125e+00
1.484678745269775391e+00
1.207486987113952637e-01
-2.169757485389709473e-01
8.769233524799346924e-02
-1.225415229797363281e+00
1.086423158645629883e+00
4.371463656425476074e-01
1.440569758415222168e+00
3.010230660438537598e-01
-3.703489005565643311e-01
-2.726550579071044922e+00
8.993846774101257324e-01
-4.534661769866943359e-01
1.228475570678710938e-02
-8.337278962135314941e-01
-5.044081211090087891e-01
1.921893656253814697e-02
1.550117969512939453e+00
1.129600852727890015e-01
5.354965925216674805e-01
-2.237370461225509644e-01
1.251493453979492188e+00
6.048576235771179199e-01
-1.941287517547607422e-01
2.805774211883544922e-01
9.458088278770446777e-01
-4.714561998844146729e-01
5.713022947311401367e-01
-1.424145251512527466e-01
-8.499176502227783203e-01
-1.302694678306579590e-01
-3.859052360057830811e-01
-2.291050195693969727e+00
-4.473191797733306885e-01
6.686600446701049805e-01
3.120598495006561279e-01
-3.615895032882690430e+00
-9.613631963729858398e-01
-1.900573015213012695e+00
7.498711347579956055e-01
-3.044429123401641846e-01
-2.776992321014404297e+00
6.717537045478820801e-01
-1.614701628684997559e+00
-3.961702883243560791e-01
6.694589853286743164e-01
1.718656301498413086e+00
8.852243423461914062e-02
-4.315348714590072632e-02
-3.557005524635314941e-01
1.747064948081970215e+00
