-1.451274275779724121e+00
2.669916152954101562e-01
1.253371119499206543e+00
-6.662177294492721558e-02
-1.181121706962585449e+00
7.893665432929992676e-01
7.965417504310607910e-01
-7.670819759368896484e-01
7.446861267089843750e-01
-1.200924515724182129e+00
2.302037239074707031e+00
9.797662496566772461e-01
-1.880984783172607422e+00
2.362589389085769653e-01
1.926604747772216797e+00
-7.920753955841064453e-01
1.135900855064392090e+00
1.863487601280212402e+00
-5.196740031242370605e-01
1.394854485988616943e-01
1.047574579715728760e-01
2.922307252883911133e-01
5.650233030319213867e-01
-1.439416170120239258e+00
-2.735984802246093750e+00
5.970656871795654297e-01
5.411305427551269531e-01
-7.065314054489135742e-01
1.320407986640930176e-01
1.737537384033203125e+00
6.449462175369262695e-01
-1.515408039093017578e+00
-1.551685333251953125e+00
-1.740006804466247559e+00
3.605639934539794922e-01
1.523149609565734863e+00
-1.279810547828674316e+00
7.902860641479492188e-01
1.613453626632690430e+00
-7.107273936271667480e-01
-4.361974895000457764e-01
6.204435229301452637e-01
1.640679597854614258e+00
1.583119988441467285e+00
1.456832408905029297e+00
-1.637254953384399414e+00
2.784543514251708984e+00
2.105609178543090820e+00
-8.771144151687622070e-01
-5.351034998893737793e-01
-1.585308194160461426e+00
-1.672797501087188721e-01
2.510261833667755127e-01
-3.283000290393829346e-01
-2.727999389171600342e-01
8.477790355682373047e-01
-5.102298259735107422e-01
7.854695916175842285e-01
-8.234534859657287598e-01
-1.035897731781005859e+00
-2.152125120162963867e+00
-1.527790069580078125e+00
-4.892097115516662598e-01
6.050693392753601074e-01
2.557572722434997559e-02
1.006192445755004883e+00
1.101399064064025879e+00
-4.039041399955749512e-01
-2.208849668502807617e+00
-1.254084825515747070e+00
1.288450717926025391e+00
-1.769536495208740234e+00
2.372626215219497681e-01
6.492577791213989258e-01
-9.480103850364685059e-01
-3.405228853225708008e-01
4.182296991348266602e-01
1.880367279052734375e+00
-1.166233122348785400e-01
-6.748589277267456055e-01
2.470306605100631714e-01
-1.652981400489807129e+00
5.791743397712707520e-01
7.048410177230834961e-02
-1.890489608049392700e-01
1.738163232803344727e+00
-4.480683505535125732e-01
-2.675963640213012695e+00
-9.431300312280654907e-02
-2.847393155097961426e-01
-7.816212177276611328e-01
1.613847732543945312e+00
2.315368950366973877e-01
-7.722685337066650391e-01
-7.542053610086441040e-02
-5.489528179168701172e-01
1.937395572662353516e+00
-2.164254903793334961e+00
-1.224055886268615723e-01
2.006678104400634766e+00
-3.219147324562072754e-01
-7.100274562835693359e-01
8.688791990280151367e-01
1.748572587966918945e+00
1.901025295257568359e+00
3.821135163307189941e-01
-1.338821798563003540e-01
-1.516458511352539062e+00
-1.435073137283325195e+00
-1.094885706901550293e+00
1.795554161071777344e+00
2.683506011962890625e-01
2.305235624313354492e+00
-2.852775156497955322e-01
5.042234659194946289e-01
1.158364415168762207e-01
-6.888827085494995117e-01
-1.827198863029479980e-01
-4.884981811046600342e-01
-5.286974310874938965e-01
-5.368791222572326660e-01
2.358551740646362305e+00
-1.725487112998962402e+00
-1.280653119087219238e+00
-8.295719623565673828e-01
-1.216758370399475098e+00
-4.630131721496582031e-01
-1.545823097229003906e+00
