7.310956716537475586e-01
-2.752810716629028320e-02
-8.576979637145996094e+00
1.339423358440399170e-01
-2.533016204833984375e-01
-5.059891566634178162e-02
-1.418105810880661011e-01
7.578270435333251953e-01
7.988064885139465332e-01
-4.422882199287414551e-01
6.519757956266403198e-02
5.217193961143493652e-01
-1.871089935302734375e-01
9.065258502960205078e-01
-4.409025907516479492e-01
9.470173716545104980e-01
9.062757492065429688e-01
2.161125689744949341e-01
1.583152860403060913e-01
-6.122602820396423340e-01
2.465100884437561035e-01
1.559549570083618164e-01
3.374650955200195312e+00
-2.884368300437927246e-01
-9.593831896781921387e-01
2.873134240508079529e-02
-1.586441248655319214e-01
-5.400919914245605469e-01
-8.004615306854248047e-01
-9.370778501033782959e-02
2.457723319530487061e-01
1.973942220211029053e-01
-5.306009769439697266e+00
8.610945194959640503e-03
-5.856685340404510498e-03
3.663610517978668213e-01
-1.370674222707748413e-01
7.575350999832153320e-01
1.271191239356994629e-01
-3.542970418930053711e-01
-8.934285491704940796e-02
2.253221571445465088e-01
1.196800708770751953e+00
4.132367372512817383e-01
-5.466682314872741699e-01
6.395584940910339355e-01
4.595570862293243408e-01
5.816206336021423340e-03
-3.220709562301635742e-01
1.405506283044815063e-01
8.342400789260864258e-01
-3.248910605907440186e-01
-7.358480691909790039e-01
1.113471031188964844e+00
1.516062915325164795e-01
7.134594321250915527e-01
-3.186536729335784912e-01
1.159830093383789062e-01
7.442294061183929443e-02
-5.157883763313293457e-01
-7.126504778861999512e-01
2.228495329618453979e-01
4.402373731136322021e-01
1.005681991577148438e+00
6.182599067687988281e-01
-4.309343099594116211e-01
-1.596066951751708984e-01
3.982493281364440918e-01
3.646495640277862549e-01
-5.220930576324462891e-01
-3.037422522902488708e-02
-6.034970283508300781e-06
4.561260938644409180e-01
9.924875497817993164e-01
9.413726925849914551e-01
-6.205013394355773926e-01
8.306661248207092285e-02
6.143687963485717773e-01
-1.279448509216308594e+00
-1.545742988586425781e+00
-2.140901237726211548e-01
-2.837958931922912598e-01
1.039706707000732422e+00
2.004426717758178711e-02
-4.970079660415649414e-01
-1.063990592956542969e-02
8.450569510459899902e-01
-2.444639056921005249e-01
-3.137957453727722168e-01
6.456165909767150879e-01
-1.226185560226440430e+00
-6.084677577018737793e-01
3.745373785495758057e-01
3.922031819820404053e-02
-5.340218544006347656e-01
-5.611387491226196289e-01
2.967788279056549072e-01
1.040993332862854004e+00
-3.999317884445190430e-01
-1.143006831407546997e-01
-3.887413740158081055e-01
3.391325846314430237e-02
2.220451831817626953e-03
1.164095997810363770e+00
-3.650687634944915771e-01
1.287210822105407715e+00
1.054792165756225586e+00
-5.969528555870056152e-01
-6.702619791030883789e-01
3.290327787399291992e-01
9.042758941650390625e-01
-4.188135266304016113e-01
-9.216194152832031250e-01
-1.101334542036056519e-01
1.372970640659332275e-01
-3.904718160629272461e-01
4.048722386360168457e-01
2.435304224491119385e-01
-3.257880210876464844e-01
1.320474594831466675e-01
-2.303988635540008545e-01
-9.546501040458679199e-01
-3.119635879993438721e-01
1.281135439872741699e+00
-1.810961961746215820e-01
1.327300548553466797e+00
1.578633934259414673e-01
-1.397651135921478271e-01
