-7.621059417724609375e-01
-1.458525419235229492e+00
-5.032458901405334473e-01
1.752898693084716797e-01
-5.658265352249145508e-01
-6.295477151870727539e-01
-1.843181848526000977e-01
4.353976845741271973e-01
-1.241423010826110840e+00
1.985856533050537109e+00
8.942493200302124023e-01
-5.892887711524963379e-01
-1.905410587787628174e-01
1.501589298248291016e+00
4.318430423736572266e-01
-1.106325089931488037e-01
-6.903854608535766602e-01
7.880597710609436035e-01
-1.340614080429077148e+00
1.823320865631103516e+00
-2.081692457199096680e+00
6.037082076072692871e-01
4.311093688011169434e-02
8.304674029350280762e-01
-1.002414822578430176e+00
-9.544727206230163574e-01
1.117526531219482422e+00
8.137919902801513672e-01
1.878473162651062012e-01
1.635523676872253418e+00
-1.734854936599731445e+00
-9.824335575103759766e-02
-1.487999558448791504e-01
1.305537462234497070e+00
-6.945623159408569336e-01
1.073050737380981445e+00
4.540951251983642578e-01
-3.712400794029235840e-02
-9.375929832458496094e-01
1.171104192733764648e+00
-5.679830312728881836e-01
-1.117839336395263672e+00
1.587439298629760742e+00
2.159925460815429688e+00
3.506913483142852783e-01
1.618811488151550293e-01
-1.573331356048583984e+00
5.646781921386718750e-01
1.946827322244644165e-01
1.152621150016784668e+00
8.645285367965698242e-01
-5.750260353088378906e-01
4.787593185901641846e-01
-3.784963488578796387e-02
-9.252765178680419922e-01
1.619397997856140137e-01
6.665266752243041992e-01
2.400156259536743164e-01
-3.474206477403640747e-02
6.799730062484741211e-01
-1.854771971702575684e+00
2.491432666778564453e+00
5.808466672897338867e-02
1.012546658515930176e+00
2.860538661479949951e-01
4.832226037979125977e-01
-1.137869954109191895e+00
-9.258010983467102051e-02
-2.425321936607360840e-01
-1.585198163986206055e+00
2.961440086364746094e-01
-1.452990174293518066e+00
-2.473660111427307129e-01
1.714807271957397461e+00
2.574015855789184570e+00
-6.371039748191833496e-01
2.542786300182342529e-03
-6.855192184448242188e-01
2.288561820983886719e+00
7.444631457328796387e-01
1.440715193748474121e+00
-1.957981467247009277e+00
-5.330916643142700195e-01
-7.498770356178283691e-01
-1.716673135757446289e+00
1.756250113248825073e-01
1.461598277091979980e-01
-1.508199810981750488e+00
7.303643822669982910e-01
5.651270747184753418e-01
1.586088776588439941e+00
2.726004719734191895e-01
-3.727429509162902832e-01
6.647045612335205078e-01
-1.374432086944580078e+00
-1.140065193176269531e+00
-9.548255205154418945e-01
-2.561980009078979492e+00
-8.560168147087097168e-01
-6.980046629905700684e-01
2.482083559036254883e+00
-9.145961999893188477e-01
2.163742631673812866e-01
1.688872337341308594e+00
1.897962212562561035e+00
7.123336195945739746e-01
9.868690371513366699e-02
-9.892638921737670898e-01
2.733623683452606201e-01
2.205465435981750488e-01
-6.208932399749755859e-01
2.559834957122802734e+00
-1.285501837730407715e+00
-9.943884611129760742e-01
9.095386862754821777e-01
-2.176079750061035156e+00
-3.016269207000732422e-02
-1.530828952789306641e+00
-1.274505853652954102e+00
-6.976989507675170898e-01
-7.578123807907104492e-01
-1.566318273544311523e+00
1.299267530441284180e+00
-2.115450799465179443e-02
-1.264309883117675781e+00
2.322709858417510986e-01
-1.451484084129333496e+00
4.217953383922576904e-01
