5.314111709594726562e-01
-7.032496929168701172e-01
-4.915196299552917480e-01
1.275546073913574219e+00
-2.864427864551544189e-01
-8.782052397727966309e-01
8.156987428665161133e-01
3.255129754543304443e-01
-9.198057055473327637e-01
-4.368277639150619507e-02
8.846819400787353516e-01
-1.059625267982482910e+00
2.043006420135498047e-01
-1.941388100385665894e-01
4.810299873352050781e-01
1.439172983169555664e+00
-1.206847190856933594e+00
4.879765510559082031e-01
-7.749043703079223633e-01
1.954256534576416016e+00
1.026436924934387207e+00
-5.795791149139404297e-01
2.562091350555419922e-01
3.303120732307434082e-01
5.474590659141540527e-01
-2.087365388870239258e-01
1.402166843414306641e+00
1.127239227294921875e+00
7.572350502014160156e-01
1.098501563072204590e+00
-2.089600116014480591e-01
1.450647830963134766e+00
7.715501189231872559e-01
-1.549250125885009766e+00
7.041234374046325684e-01
2.483822107315063477e-01
-5.197735428810119629e-01
-2.443905919790267944e-02
-1.418271303176879883e+00
6.836404800415039062e-01
-7.772423326969146729e-02
-1.847539901733398438e+00
1.266280174255371094e+00
2.316496849060058594e+00
1.306956768035888672e+00
7.612140178680419922e-01
1.115567460656166077e-01
1.261755347251892090e+00
4.504255652427673340e-01
1.568965077400207520e+00
5.491001009941101074e-01
-2.868811607360839844e+00
2.048008888959884644e-02
-6.959582567214965820e-01
-3.924836814403533936e-01
-1.025547266006469727e+00
1.304428577423095703e+00
-6.239333152770996094e-01
-1.236385107040405273e+00
1.160134553909301758e+00
-3.547416031360626221e-01
-4.713709950447082520e-01
3.004962503910064697e-01
1.348540067672729492e+00
4.739557206630706787e-01
1.195040822029113770e+00
2.724999427795410156e+00
-1.773933768272399902e-01
5.606294274330139160e-01
6.799460649490356445e-01
9.585347771644592285e-02
-2.365970373153686523e+00
2.730600237846374512e-01
9.690517187118530273e-01
9.157667160034179688e-01
-2.108740091323852539e+00
-1.977545261383056641e+00
-7.716410160064697266e-01
1.928369283676147461e+00
-1.489163041114807129e-01
1.916906684637069702e-01
-1.469247698783874512e+00
-1.690644502639770508e+00
1.256228685379028320e-01
-8.954374790191650391e-01
-1.065119802951812744e-01
-6.178610920906066895e-01
-1.702510833740234375e+00
-1.454362630844116211e+00
1.072605475783348083e-01
6.244903802871704102e-02
-1.209991097450256348e+00
-4.465906620025634766e-01
-2.677923142910003662e-01
1.272446751594543457e+00
-1.942597866058349609e+00
-6.556967496871948242e-01
5.130872130393981934e-01
-3.477742075920104980e-01
2.959278225898742676e-02
-2.694743275642395020e-01
3.363946080207824707e-01
-2.516679525375366211e+00
2.045173645019531250e+00
-3.661302030086517334e-01
1.371928811073303223e+00
1.777365803718566895e-03
1.332427978515625000e+00
8.442524820566177368e-02
2.741121053695678711e-01
-8.143147230148315430e-01
1.687819004058837891e+00
-1.183601856231689453e+00
-5.889029502868652344e-01
5.104912519454956055e-01
-2.012357234954833984e+00
-1.882387697696685791e-01
-1.311615586280822754e+00
9.021927714347839355e-01
-1.471714973449707031e+00
-1.346397042274475098e+00
-3.287958383560180664e+00
1.977398753166198730e+00
-7.595539093017578125e-01
-1.487565517425537109e+00
-3.137305676937103271e-01
-4.091216325759887695e-01
1.565425872802734375e+00
