-2.072307586669921875e+00
-6.950711607933044434e-01
9.431909322738647461e-01
8.211305141448974609e-01
-2.023287296295166016e+00
1.567396879196166992e+00
1.722118139266967773e+00
2.202738285064697266e+00
4.322500526905059814e-01
-1.991159796714782715e+00
9.852741956710815430e-01
2.050045728683471680e-01
-6.108142137527465820e-01
2.126958221197128296e-01
-5.971145257353782654e-02
1.017790555953979492e+00
-7.469695210456848145e-01
-1.378528773784637451e-02
-3.139189481735229492e-01
1.397318840026855469e+00
-1.015078902244567871e+00
-4.848896563053131104e-01
1.151277780532836914e+00
1.638725399971008301e-01
-2.438292503356933594e+00
5.634388327598571777e-01
1.160427331924438477e+00
-1.050429463386535645e+00
1.084422349929809570e+00
-1.733661293983459473e-01
1.310369491577148438e+00
-2.703791141510009766e+00
-1.046287298202514648e+00
3.660810887813568115e-01
2.476978898048400879e-01
6.418777704238891602e-01
-5.985293388366699219e-01
6.419808268547058105e-01
-6.515784859657287598e-01
8.012928366661071777e-01
-8.131646513938903809e-01
2.285113573074340820e+00
1.722304105758666992e+00
1.647173881530761719e+00
7.860620319843292236e-02
1.655289292335510254e+00
-9.976589679718017578e-01
-3.912276029586791992e-01
1.340414285659790039e+00
1.094968438148498535e+00
1.179302930831909180e+00
-1.024984002113342285e+00
-1.106743216514587402e+00
-3.807846009731292725e-01
-1.283587217330932617e+00
8.927443027496337891e-01
-4.079481959342956543e-01
1.742825508117675781e+00
-5.320129543542861938e-02
-4.755367338657379150e-02
5.177060961723327637e-01
1.876790374517440796e-01
-2.189212322235107422e+00
9.842982292175292969e-01
7.258752584457397461e-01
5.926000475883483887e-01
-9.523644447326660156e-01
-8.293278515338897705e-04
-2.003103971481323242e+00
-3.554647415876388550e-02
-2.345136642456054688e+00
-2.150505781173706055e+00
1.319138646125793457e+00
1.888734400272369385e-01
5.158216357231140137e-01
-3.456241190433502197e-01
8.848272562026977539e-01
1.161652579903602600e-01
8.606189489364624023e-02
-6.908911466598510742e-01
1.515171051025390625e+00
-1.959004282951354980e+00
2.357644319534301758e+00
-1.127995252609252930e-01
1.259652376174926758e+00
-2.848060429096221924e-01
-1.651954293251037598e+00
-6.063792705535888672e-01
-2.449904680252075195e+00
-3.569824099540710449e-01
-8.813377618789672852e-01
7.086436152458190918e-01
-2.190508604049682617e+00
2.783619463443756104e-01
-7.786782979965209961e-01
3.314849734306335449e-01
1.004789471626281738e+00
6.683202981948852539e-01
-9.492248296737670898e-02
4.815760254859924316e-01
-2.486429452896118164e+00
-1.627405881881713867e-01
-1.398741602897644043e+00
5.979620218276977539e-01
1.789346098899841309e+00
-8.806933164596557617e-01
-1.296960830688476562e+00
-7.162636518478393555e-01
1.446112275123596191e+00
-1.059629082679748535e+00
2.193754315376281738e-01
-8.737877607345581055e-01
1.086268782615661621e+00
-1.076587677001953125e+00
7.663956880569458008e-01
1.735461831092834473e+00
-1.771582841873168945e+00
5.437417626380920410e-01
6.104383468627929688e-01
2.779567539691925049e-01
-4.247856736183166504e-01
1.474970817565917969e+00
2.013370513916015625e+00
-5.538006424903869629e-01
-1.015322923660278320e+00
-1.459609866142272949e+00
-9.295630455017089844e-02
-1.054074406623840332e+00
