-1.049425840377807617e+00
4.163424074649810791e-01
-6.162512302398681641e-02
-1.037603974342346191e+00
-1.118507504463195801e+00
2.860072374343872070e+00
2.609165906906127930e-01
8.563539981842041016e-01
-1.494479328393936157e-01
-1.379748702049255371e+00
-2.063811421394348145e-01
-1.825282096862792969e+00
-1.105919122695922852e+00
-1.048115491867065430e+00
1.391120314598083496e+00
-1.698132753372192383e+00
-3.737093210220336914e-01
5.078914761543273926e-01
-4.924532398581504822e-02
1.616626977920532227e+00
-4.104008376598358154e-01
-4.754451215267181396e-01
4.372593760490417480e-02
1.403888463973999023e+00
-1.298859596252441406e+00
1.531372964382171631e-01
1.761765480041503906e-01
2.773298025131225586e-01
6.403976678848266602e-01
1.669730424880981445e+00
-3.777629137039184570e-02
2.361626148223876953e+00
3.528066277503967285e-01
-4.254312813282012939e-01
-6.355940103530883789e-01
1.464546918869018555e-01
3.388438224792480469e-01
1.237773895263671875e-01
7.019519209861755371e-01
-5.116266012191772461e-01
1.031024098396301270e+00
3.854967653751373291e-01
2.479283332824707031e+00
1.222165226936340332e+00
2.105418443679809570e-01
-3.350794911384582520e-01
-4.326541125774383545e-01
-3.904180228710174561e-02
-3.966639935970306396e-02
-1.864301919937133789e+00
-5.227026939392089844e-01
-1.183642148971557617e+00
-6.016303300857543945e-01
4.420090317726135254e-01
-8.013433218002319336e-01
1.271798968315124512e+00
5.817487239837646484e-01
1.433077573776245117e+00
-2.433334887027740479e-01
1.223932743072509766e+00
-3.451562821865081787e-01
-8.375102281570434570e-01
2.099558413028717041e-01
1.247727394104003906e+00
1.864207088947296143e-01
-3.118463993072509766e+00
1.194261074066162109e+00
-8.425501585006713867e-01
9.661653041839599609e-01
2.085177600383758545e-01
3.817200660705566406e-01
9.822977781295776367e-01
1.590399742126464844e+00
6.625875234603881836e-01
4.396994709968566895e-01
-2.561679363250732422e+00
-4.745680093765258789e-01
-3.075879335403442383e+00
-1.690357685089111328e+00
-4.633289873600006104e-01
-1.219291388988494873e-01
-2.110904216766357422e+00
-2.465825974941253662e-01
-4.503979086875915527e-01
9.170244932174682617e-01
-2.014004707336425781e+00
-8.084760904312133789e-01
-6.147992610931396484e-01
-1.069635391235351562e+00
9.928023815155029297e-01
4.884453415870666504e-01
-1.985567331314086914e+00
-1.217268466949462891e+00
-5.347051620483398438e-01
2.098005771636962891e+00
5.063857138156890869e-02
-1.590885818004608154e-01
1.058079719543457031e+00
1.197723820805549622e-01
1.809268832206726074e+00
-3.002889156341552734e+00
-1.283942312002182007e-01
2.061654627323150635e-02
9.027255773544311523e-01
-9.623091816902160645e-01
8.517914414405822754e-01
7.406816482543945312e-01
-3.692004084587097168e-01
1.027138352394104004e+00
2.923640012741088867e-01
-2.960398793220520020e-02
7.742351889610290527e-01
-1.413835585117340088e-01
2.280230522155761719e-01
3.349882125854492188e+00
1.044615387916564941e+00
-1.322876513004302979e-01
2.797025442123413086e-02
-1.345578432083129883e-01
1.968440771102905273e+00
-6.783957034349441528e-02
-2.028539657592773438e+00
-1.110980510711669922e+00
-1.735276460647583008e+00
-9.244024753570556641e-01
2.251602709293365479e-01
-3.436627984046936035e-01
-2.473377585411071777e-01
