-5.594626441597938538e-02
1.344518642872571945e-02
-4.915390908718109131e-02
1.104106009006500244e-01
6.091203913092613220e-02
4.292811453342437744e-02
-2.833245880901813507e-02
8.689510822296142578e-02
-1.412249449640512466e-02
7.206127792596817017e-02
-7.030284404754638672e-02
-6.729348003864288330e-02
-2.840786240994930267e-02
-3.976619616150856018e-02
-3.062600642442703247e-02
1.022809222340583801e-01
1.070749089121818542e-01
5.495761707425117493e-02
8.014522492885589600e-02
2.846480160951614380e-02
6.863434612751007080e-02
-9.004075825214385986e-02
2.247056365013122559e-02
-5.651417188346385956e-03
8.313977718353271484e-02
-8.998570591211318970e-02
3.539645299315452576e-02
1.943093165755271912e-02
5.124852061271667480e-02
-6.628888845443725586e-02
-6.016398593783378601e-02
-2.910633198916912079e-02
-8.313116431236267090e-02
1.579226925969123840e-02
-2.608463168144226074e-02
1.954265683889389038e-02
1.853994763223454356e-04
-1.737669669091701508e-02
-7.689815759658813477e-02
7.410807907581329346e-02
8.580128848552703857e-02
-6.867983192205429077e-02
-1.419596672058105469e-01
3.341153264045715332e-02
6.213641166687011719e-02
-4.093449190258979797e-02
-1.258177310228347778e-01
-1.975293904542922974e-01
6.928724795579910278e-02
6.194316595792770386e-02
7.491661608219146729e-02
-8.777090162038803101e-02
5.284575372934341431e-02
2.777428179979324341e-02
1.343813240528106689e-01
4.041901603341102600e-02
-4.182032123208045959e-02
3.562571108341217041e-02
-6.909069418907165527e-02
-2.758518792688846588e-02
-7.318164408206939697e-02
5.234114453196525574e-02
1.587441004812717438e-02
-1.093479245901107788e-01
-4.818536341190338135e-02
7.387249916791915894e-02
-8.326078951358795166e-02
6.406391412019729614e-02
5.455992650240659714e-03
-1.169123034924268723e-02
-1.934054344892501831e-01
6.014456599950790405e-02
3.519861400127410889e-02
6.574127078056335449e-02
-2.913155965507030487e-02
2.814488112926483154e-02
4.970797896385192871e-02
5.485045164823532104e-02
1.478634495288133621e-02
3.812068328261375427e-02
-3.407567739486694336e-02
4.555232822895050049e-02
-1.583802886307239532e-02
-1.357664465904235840e-01
-1.220269873738288879e-01
-1.075446531176567078e-01
-6.309027969837188721e-02
-5.801994353532791138e-03
5.857076495885848999e-03
2.230658754706382751e-02
2.389076910912990570e-02
-7.963876426219940186e-02
-5.634312331676483154e-02
-2.858726121485233307e-02
-4.318396374583244324e-02
-2.495174668729305267e-02
-3.845844045281410217e-02
-8.347272127866744995e-02
3.117695264518260956e-02
1.126611605286598206e-01
-1.690460368990898132e-02
2.615570276975631714e-02
1.203122455626726151e-02
-8.523583412170410156e-02
6.913127377629280090e-03
3.964551165699958801e-02
7.809568941593170166e-02
7.962456345558166504e-02
4.696296062320470810e-03
7.635880261659622192e-02
-1.003883220255374908e-02
1.227949000895023346e-02
4.786637052893638611e-02
1.791195594705641270e-03
5.385401658713817596e-03
5.880503356456756592e-02
-6.610397249460220337e-02
6.928867101669311523e-02
-7.276535034179687500e-02
-6.358166038990020752e-02
6.527631729841232300e-02
-2.757017128169536591e-02
1.619476079940795898e-02
1.100275442004203796e-01
1.328819245100021362e-01
-8.333898335695266724e-02
-1.254304405301809311e-02
-7.014245260506868362e-03
