-0.08380132913589477539062500000
-0.18589174747467041015625000000
-0.03262110054492950439453125000
0.02936026267707347869873046875
0.09720545262098312377929687500
-0.28732085227966308593750000000
-0.00272604799829423427581787109
0.01102747116237878799438476562
0.24192148447036743164062500000
-0.40851584076881408691406250000
-0.21774852275848388671875000000
0.15593755245208740234375000000
-0.31014111638069152832031250000
0.07520773261785507202148437500
0.19310976564884185791015625000
-0.09423775970935821533203125000
0.17196585237979888916015625000
-0.18721283972263336181640625000
-0.07678055763244628906250000000
-0.50617396831512451171875000000
-0.13201652467250823974609375000
-0.09080045670270919799804687500
-0.14546261727809906005859375000
-0.16432888805866241455078125000
-0.09624159336090087890625000000
-0.35273125767707824707031250000
-0.20034442842006683349609375000
-0.23830296099185943603515625000
-0.15738756954669952392578125000
-0.14235635101795196533203125000
-0.07464478909969329833984375000
0.22329971194267272949218750000
-0.60776001214981079101562500000
-0.13219861686229705810546875000
-0.24681445956230163574218750000
-0.07519558072090148925781250000
-0.16948516666889190673828125000
-0.35688933730125427246093750000
-0.15523755550384521484375000000
0.23523464798927307128906250000
0.05974670127034187316894531250
-0.01352117303758859634399414062
0.02263417281210422515869140625
-0.31401050090789794921875000000
-0.43901580572128295898437500000
-0.18684320151805877685546875000
-0.23758989572525024414062500000
-0.11564453691244125366210937500
-0.25836354494094848632812500000
0.13735224306583404541015625000
-0.07402928173542022705078125000
0.05835407227277755737304687500
0.06875562667846679687500000000
-0.10645473748445510864257812500
-0.08297151327133178710937500000
0.07453987747430801391601562500
-0.08032170683145523071289062500
-0.80482614040374755859375000000
-0.30460295081138610839843750000
-0.09202723205089569091796875000
-0.14162331819534301757812500000
0.03655670583248138427734375000
-0.12524852156639099121093750000
-0.84710419178009033203125000000
-0.18117578327655792236328125000
0.02518779411911964416503906250
-0.23415198922157287597656250000
-0.23595410585403442382812500000
-0.00093923497479408979415893555
-0.55511856079101562500000000000
0.20038332045078277587890625000
-0.26854771375656127929687500000
0.04958705604076385498046875000
-0.03862170502543449401855468750
0.18542797863483428955078125000
0.17037445306777954101562500000
-0.08117019385099411010742187500
-0.32865428924560546875000000000
-0.05569949746131896972656250000
-0.06841742992401123046875000000
-0.35758268833160400390625000000
0.07632879912853240966796875000
-0.07077831029891967773437500000
-0.06367158889770507812500000000
0.17918349802494049072265625000
-0.15031148493289947509765625000
0.10754340887069702148437500000
0.00349848018959164619445800781
-0.09472972899675369262695312500
-0.22665838897228240966796875000
-0.27164408564567565917968750000
-0.00715892948210239410400390625
-0.28835532069206237792968750000
0.07371038198471069335937500000
-0.08415893465280532836914062500
-0.02037693746387958526611328125
-0.00929947104305028915405273438
-0.40689256787300109863281250000
0.27905032038688659667968750000
-0.14239148795604705810546875000
-0.09604851901531219482421875000
-0.34127485752105712890625000000
0.17048263549804687500000000000
-0.16236433386802673339843750000
-0.34984230995178222656250000000
0.16956858336925506591796875000
-0.01015217788517475128173828125
-0.08846156299114227294921875000
-0.23350264132022857666015625000
0.04347487539052963256835937500
-0.61575251817703247070312500000
-0.01557091437280178070068359375
-0.23423506319522857666015625000
0.06144773215055465698242187500
-0.04281598702073097229003906250
-0.65372312068939208984375000000
0.07104513049125671386718750000
-0.12169287353754043579101562500
-0.30675783753395080566406250000
0.05864360183477401733398437500
-0.17116452753543853759765625000
-0.02330964803695678710937500000
-0.05615762621164321899414062500
0.22707420587539672851562500000
-0.36036792397499084472656250000
-0.18474847078323364257812500000
-0.14550262689590454101562500000
0.37084588408470153808593750000
-0.10708514600992202758789062500
-0.45103463530540466308593750000
0.16002133488655090332031250000
-0.05634010955691337585449218750
-0.05604091286659240722656250000
0.14351089298725128173828125000
-0.09445468336343765258789062500
0.06755173206329345703125000000
-0.23368321359157562255859375000
-0.12283670157194137573242187500
-0.04054119810461997985839843750
-0.22719696164131164550781250000
-0.06189045310020446777343750000
-1.07567512989044189453125000000
0.18257392942905426025390625000
-0.21292270720005035400390625000
0.14235287904739379882812500000
0.24257019162178039550781250000
0.14867623150348663330078125000
-0.03968127071857452392578125000
0.08597080409526824951171875000
-0.11223374307155609130859375000
-0.07656381279230117797851562500
-0.27813893556594848632812500000
0.25780954957008361816406250000
-0.03183752298355102539062500000
0.00331571721471846103668212891
-0.15529718995094299316406250000
-0.09082622081041336059570312500
-0.09189731627702713012695312500
-0.03880226239562034606933593750
0.02905324101448059082031250000
0.00534388236701488494873046875
-0.25041073560714721679687500000
-0.04486951604485511779785156250
0.12084677070379257202148437500
-0.24405652284622192382812500000
-0.49139675498008728027343750000
-0.10734606534242630004882812500
-0.12028700858354568481445312500
-0.57743227481842041015625000000
-0.08672596514225006103515625000
0.07963990420103073120117187500
-0.02275701239705085754394531250
0.30399718880653381347656250000
0.17629644274711608886718750000
-0.08734852075576782226562500000
0.06527110934257507324218750000
0.06896217167377471923828125000
0.13934023678302764892578125000
-0.45663461089134216308593750000
-0.06892527639865875244140625000
-0.00770289078354835510253906250
0.33104181289672851562500000000
0.10863838344812393188476562500
0.17691431939601898193359375000
-0.06395605951547622680664062500
0.02174960076808929443359375000
-0.00608625495806336402893066406
-0.24326080083847045898437500000
0.04653387144207954406738281250
0.10898632556200027465820312500
-0.15410602092742919921875000000
0.10177557915449142456054687500
-0.08166071772575378417968750000
-0.16129547357559204101562500000
-0.33293467760086059570312500000
0.04237743094563484191894531250
-0.23558734357357025146484375000
-0.21538841724395751953125000000
-0.06666381657123565673828125000
0.03099375404417514801025390625
-0.09233001619577407836914062500
-0.29724803566932678222656250000
-0.04950935766100883483886718750
-0.50129675865173339843750000000
0.21760396659374237060546875000
-0.31952837109565734863281250000
0.02506273239850997924804687500
-0.06419206410646438598632812500
-0.18290045857429504394531250000
0.02568125724792480468750000000
-0.01556592993438243865966796875
-0.52722769975662231445312500000
-0.09233063459396362304687500000
-0.03692173957824707031250000000
-0.03301818296313285827636718750
-0.13231444358825683593750000000
-0.01299861446022987365722656250
-0.12645715475082397460937500000
-0.13165211677551269531250000000
0.17969053983688354492187500000
-0.49965175986289978027343750000
0.01856656931340694427490234375
-0.03698905184864997863769531250
0.02471658028662204742431640625
0.02913360297679901123046875000
-0.21780091524124145507812500000
-0.34027880430221557617187500000
-0.09391468763351440429687500000
-0.18734614551067352294921875000
-0.08267024159431457519531250000
0.15119735896587371826171875000
-0.17447768151760101318359375000
-0.16825376451015472412109375000
-0.20107288658618927001953125000
-0.03339548408985137939453125000
0.05224370583891868591308593750
-0.10518244653940200805664062500
-0.03152078762650489807128906250
-0.22616551816463470458984375000
-0.43421280384063720703125000000
-0.29667386412620544433593750000
-0.29878365993499755859375000000
-0.27945390343666076660156250000
-0.00040072083356790244579315186
-0.59974259138107299804687500000
-0.23540340363979339599609375000
-0.16999784111976623535156250000
0.09601194411516189575195312500
-0.07428482174873352050781250000
-0.25104260444641113281250000000
-0.18169619143009185791015625000
-0.07383672147989273071289062500
0.12240834534168243408203125000
-0.05677837878465652465820312500
-0.62404143810272216796875000000
-0.46439597010612487792968750000
-0.64871889352798461914062500000
-0.29663655161857604980468750000
-0.01594423502683639526367187500
-0.04412923008203506469726562500
-0.15504051744937896728515625000
0.12677997350692749023437500000
-0.02186191082000732421875000000
0.07742467522621154785156250000
0.03104201517999172210693359375
0.21246896684169769287109375000
-0.04733008146286010742187500000
-0.78103786706924438476562500000
-0.30780571699142456054687500000
-0.00963375531136989593505859375
-0.23514460027217864990234375000
-0.02900852635502815246582031250
-0.10572807490825653076171875000
-0.04212740063667297363281250000
0.02166889607906341552734375000
-0.01206409092992544174194335938
-0.03708560019731521606445312500
-0.12937860190868377685546875000
-0.46866965293884277343750000000
-0.11048114299774169921875000000
-0.26857122778892517089843750000
-0.02523468248546123504638671875
-0.17598733305931091308593750000
-0.03948830813169479370117187500
-0.84379899501800537109375000000
-0.20440264046192169189453125000
-0.10608663409948348999023437500
0.18623329699039459228515625000
-0.05153622478246688842773437500
-0.12276054918766021728515625000
0.04405103623867034912109375000
-0.17176963388919830322265625000
0.03352308645844459533691406250
-0.39817923307418823242187500000
0.00802081171423196792602539062
-0.33374232053756713867187500000
-0.51925444602966308593750000000
0.02380942739546298980712890625
0.00657226843759417533874511719
-0.17835786938667297363281250000
0.07115658372640609741210937500
-0.33956047892570495605468750000
-0.07706396281719207763671875000
-0.57008826732635498046875000000
-0.19459947943687438964843750000
-0.00841371901333332061767578125
0.11408779770135879516601562500
-0.23907567560672760009765625000
-0.08253224939107894897460937500
0.04470118135213851928710937500
0.06167995557188987731933593750
-0.18334493041038513183593750000
-0.25533553957939147949218750000
-0.39913576841354370117187500000
-0.05330077186226844787597656250
-0.33311489224433898925781250000
-0.05335792154073715209960937500
-0.07767780870199203491210937500
0.07711330801248550415039062500
-0.15751811861991882324218750000
-0.22934034466743469238281250000
-0.26289308071136474609375000000
-0.32231292128562927246093750000
-0.17039293050765991210937500000
-0.02548557333648204803466796875
0.05108066648244857788085937500
-0.08855530619621276855468750000
-0.07961984723806381225585937500
-0.50019061565399169921875000000
-0.43925911188125610351562500000
-0.39292514324188232421875000000
-0.14162659645080566406250000000
0.13169227540493011474609375000
-0.11514899879693984985351562500
-0.04546827450394630432128906250
-0.06797297298908233642578125000
0.05309305712580680847167968750
-0.60727190971374511718750000000
-0.29020097851753234863281250000
-0.05670522525906562805175781250
0.14468333125114440917968750000
-0.36393269896507263183593750000
-0.31266170740127563476562500000
0.01119406521320343017578125000
0.01416254322975873947143554688
-0.16168148815631866455078125000
0.10807201266288757324218750000
-0.11070380359888076782226562500
-0.15232500433921813964843750000
-0.27058425545692443847656250000
-0.40550106763839721679687500000
0.12054736167192459106445312500
-0.05418671667575836181640625000
0.06574644893407821655273437500
-0.87599241733551025390625000000
-0.17165149748325347900390625000
-0.13632577657699584960937500000
-0.65708959102630615234375000000
-0.68838030099868774414062500000
-0.40446105599403381347656250000
0.00077368004713207483291625977
-0.20908063650131225585937500000
-0.12430635839700698852539062500
-0.01400051265954971313476562500
0.12636050581932067871093750000
-0.14491747319698333740234375000
-0.71723586320877075195312500000
-0.04049305617809295654296875000
0.12706427276134490966796875000
-0.01912334747612476348876953125
-0.10224078595638275146484375000
-0.12553952634334564208984375000
0.12274688482284545898437500000
-0.08023595064878463745117187500
-0.53229385614395141601562500000
0.08032589405775070190429687500
-0.13175144791603088378906250000
-0.24019682407379150390625000000
0.00121729052625596523284912109
0.02440040931105613708496093750
0.15927854180335998535156250000
-0.18841925263404846191406250000
-0.62309592962265014648437500000
0.23153610527515411376953125000
-0.27325114607810974121093750000
-0.09593025594949722290039062500
0.14735637605190277099609375000
-0.26713010668754577636718750000
-0.05623507127165794372558593750
-0.03188525140285491943359375000
0.13878291845321655273437500000
0.03376008942723274230957031250
-0.04076186195015907287597656250
0.00264133093878626823425292969
-0.41664484143257141113281250000
0.11592313647270202636718750000
0.00865844544023275375366210938
0.03591424971818923950195312500
-0.00110828108154237270355224609
-0.12644754350185394287109375000
-0.18012768030166625976562500000
-0.14306811988353729248046875000
-0.59504038095474243164062500000
0.02139440737664699554443359375
-0.04369961097836494445800781250
-0.45675370097160339355468750000
-0.27478882670402526855468750000
-0.20164176821708679199218750000
-0.21385012567043304443359375000
-0.08616245537996292114257812500
-0.37189719080924987792968750000
-0.08222260326147079467773437500
-0.06230113655328750610351562500
-0.02331151068210601806640625000
0.11084143072366714477539062500
-0.00211345287971198558807373047
-0.49291145801544189453125000000
-0.07994644343852996826171875000
-0.62099140882492065429687500000
0.00749072153121232986450195312
-0.02867925167083740234375000000
0.00408588768914341926574707031
-0.16108435392379760742187500000
0.07530463486909866333007812500
-1.02562785148620605468750000000
0.04197466000914573669433593750
-0.08344741910696029663085937500
-0.01912328228354454040527343750
-0.54762232303619384765625000000
-0.07504680752754211425781250000
0.04044246673583984375000000000
-0.07528781145811080932617187500
-0.08016362041234970092773437500
-0.22172355651855468750000000000
-0.01699596643447875976562500000
-0.08334998786449432373046875000
0.01869178190827369689941406250
-0.35557356476783752441406250000
0.08064308017492294311523437500
-0.05610285326838493347167968750
-0.16120545566082000732421875000
-0.40422531962394714355468750000
0.17409574985504150390625000000
-0.23373508453369140625000000000
0.01158008165657520294189453125
-0.18525993824005126953125000000
-0.02487666532397270202636718750
0.09215255826711654663085937500
-0.49693584442138671875000000000
0.11738506704568862915039062500
-0.19718788564205169677734375000
-0.06716769188642501831054687500
-0.19676208496093750000000000000
-0.23207606375217437744140625000
-0.08115502446889877319335937500
-0.45594581961631774902343750000
-0.96451389789581298828125000000
0.17488583922386169433593750000
-0.02465721219778060913085937500
-0.19850660860538482666015625000
-0.10447042435407638549804687500
0.09112080931663513183593750000
-0.30630365014076232910156250000
0.00364820705726742744445800781
-0.12670178711414337158203125000
-0.23709541559219360351562500000
0.00028776325052604079246520996
-0.17589534819126129150390625000
-0.45139974355697631835937500000
0.04033308103680610656738281250
-0.13603939116001129150390625000
-0.00227332790382206439971923828
-0.31707283854484558105468750000
-0.08494983613491058349609375000
-0.20496833324432373046875000000
-0.69736993312835693359375000000
-0.49840375781059265136718750000
-0.19656325876712799072265625000
-0.59856224060058593750000000000
-0.42702919244766235351562500000
-0.13966995477676391601562500000
0.10027319937944412231445312500
-0.06131196394562721252441406250
0.00118348165415227413177490234
-0.15004858374595642089843750000
0.09408412873744964599609375000
0.03071814216673374176025390625
-0.11331231892108917236328125000
-0.14622972905635833740234375000
-0.07878050208091735839843750000
-0.38183152675628662109375000000
0.24088108539581298828125000000
0.03623908758163452148437500000
-0.21942767500877380371093750000
0.04675874114036560058593750000
-0.30407264828681945800781250000
-0.30139824748039245605468750000
-0.13621632754802703857421875000
-0.03808897361159324645996093750
-0.27023845911026000976562500000
0.14286884665489196777343750000
0.20144674181938171386718750000
-0.12463971227407455444335937500
-1.12305426597595214843750000000
-0.00535377766937017440795898438
-0.07227694243192672729492187500
-0.28107684850692749023437500000
0.16272190213203430175781250000
0.04332172498106956481933593750
-0.03177191689610481262207031250
-0.25345358252525329589843750000
0.08146370947360992431640625000
