-0.09484332799911499023437500000
-0.09467763453722000122070312500
0.09100142121315002441406250000
-0.25071212649345397949218750000
-0.08757818490266799926757812500
0.09225109219551086425781250000
0.01525280252099037170410156250
0.19548852741718292236328125000
-0.12311723083257675170898437500
-0.11456863582134246826171875000
0.05355662479996681213378906250
-0.24092221260070800781250000000
-0.01684837974607944488525390625
-0.28692433238029479980468750000
0.03174978494644165039062500000
-0.23491945862770080566406250000
-0.33962103724479675292968750000
-0.08115598559379577636718750000
-0.03143654018640518188476562500
-0.24832567572593688964843750000
-0.45092591643333435058593750000
-0.02280479297041893005371093750
-0.34578150510787963867187500000
0.23128756880760192871093750000
-0.12891094386577606201171875000
-0.02048330940306186676025390625
-0.03779353201389312744140625000
0.12119670212268829345703125000
-0.31140950322151184082031250000
-0.03388107195496559143066406250
0.27117028832435607910156250000
-0.16905803978443145751953125000
-0.38234499096870422363281250000
-0.58024406433105468750000000000
0.08795305341482162475585937500
-0.55420714616775512695312500000
-0.36251509189605712890625000000
0.31879612803459167480468750000
-0.07152145355939865112304687500
-0.21051552891731262207031250000
-0.17768608033657073974609375000
0.02509032003581523895263671875
-0.04777437448501586914062500000
-0.09093827754259109497070312500
-0.21152403950691223144531250000
-0.22624482214450836181640625000
-0.10372029244899749755859375000
0.10583831369876861572265625000
0.17332573235034942626953125000
-0.39646437764167785644531250000
0.05892690271139144897460937500
-0.50939482450485229492187500000
0.20497953891754150390625000000
-0.29914245009422302246093750000
-0.04374635219573974609375000000
-0.22849218547344207763671875000
-0.42047801613807678222656250000
0.03090842254459857940673828125
0.02478680945932865142822265625
-0.07614886760711669921875000000
0.02550809271633625030517578125
-0.03733037412166595458984375000
-0.52553641796112060546875000000
-0.14959825575351715087890625000
-0.06375043094158172607421875000
-0.44587656855583190917968750000
-0.48765847086906433105468750000
0.11670127511024475097656250000
-0.10243977606296539306640625000
0.15882085263729095458984375000
-0.02992616593837738037109375000
-0.16492812335491180419921875000
-0.15607187151908874511718750000
-0.22616600990295410156250000000
0.12586960196495056152343750000
-0.38183176517486572265625000000
-0.36535260081291198730468750000
0.17037241160869598388671875000
-0.08217252790927886962890625000
-0.10851608216762542724609375000
-0.12270964682102203369140625000
0.04277230799198150634765625000
-0.09881163388490676879882812500
-0.20205041766166687011718750000
-0.26632669568061828613281250000
-0.19588533043861389160156250000
-0.07742568105459213256835937500
0.17880436778068542480468750000
-0.01315828692167997360229492188
0.00707243476063013076782226562
-0.26474064588546752929687500000
0.00464641861617565155029296875
0.00889840722084045410156250000
-0.49819526076316833496093750000
-0.15644897520542144775390625000
-0.45060977339744567871093750000
-0.12582220137119293212890625000
0.01588963530957698822021484375
-0.11003587394952774047851562500
-0.08764034509658813476562500000
-0.37560603022575378417968750000
-0.29557859897613525390625000000
0.38962537050247192382812500000
-0.05922750383615493774414062500
-0.19086444377899169921875000000
-0.32082638144493103027343750000
-0.03570342808961868286132812500
-0.36042276024818420410156250000
-0.22057785093784332275390625000
-0.14002296328544616699218750000
-0.13335523009300231933593750000
-0.08714015781879425048828125000
0.05845718830823898315429687500
-0.21282434463500976562500000000
0.10510440915822982788085937500
0.17443016171455383300781250000
-0.20432738959789276123046875000
-0.21082079410552978515625000000
-0.12285165488719940185546875000
0.32207751274108886718750000000
0.00155422161333262920379638672
0.18881562352180480957031250000
-0.12910266220569610595703125000
-0.05406692251563072204589843750
-0.03538728877902030944824218750
-0.32930693030357360839843750000
-0.10539133101701736450195312500
-0.05839779973030090332031250000
-0.02417587675154209136962890625
-0.05319698899984359741210937500
0.27359831333160400390625000000
-0.39331981539726257324218750000
0.05867097899317741394042968750
-0.03617775440216064453125000000
-0.17375992238521575927734375000
0.00289626233279705047607421875
0.03040404804050922393798828125
0.01727713271975517272949218750
-0.03724153712391853332519531250
-0.18949489295482635498046875000
0.06420229375362396240234375000
-0.02528168819844722747802734375
0.36740672588348388671875000000
0.01947037875652313232421875000
-0.31536847352981567382812500000
0.19885924458503723144531250000
-0.39230862259864807128906250000
-0.00171859061811119318008422852
0.15004624426364898681640625000
-0.48016807436943054199218750000
-0.91758644580841064453125000000
0.14134790003299713134765625000
-0.11430396884679794311523437500
-0.02889306284487247467041015625
0.17911498248577117919921875000
-0.39305967092514038085937500000
0.19969417154788970947265625000
0.00081632588990032672882080078
0.13371337950229644775390625000
0.40192922949790954589843750000
0.06648790091276168823242187500
-0.26456260681152343750000000000
0.03988656029105186462402343750
-0.16389979422092437744140625000
0.05254019796848297119140625000
-0.53023922443389892578125000000
-0.02332568727433681488037109375
-0.09433302283287048339843750000
-0.54173052310943603515625000000
-0.32405248284339904785156250000
0.20690861344337463378906250000
-0.01394210476428270339965820312
-0.52809816598892211914062500000
0.00056552339810878038406372070
-0.03521550819277763366699218750
-0.14745895564556121826171875000
-0.11148936301469802856445312500
-0.23261438310146331787109375000
-0.16453644633293151855468750000
0.12107142060995101928710937500
0.00475832773372530937194824219
0.09676153212785720825195312500
-0.12579198181629180908203125000
0.01644504070281982421875000000
0.06889217346906661987304687500
-0.08229729533195495605468750000
-0.65584117174148559570312500000
-0.43337839841842651367187500000
0.06337615102529525756835937500
-0.44580045342445373535156250000
0.15878985822200775146484375000
0.03946093097329139709472656250
0.08764724433422088623046875000
-0.07989408075809478759765625000
0.12186501175165176391601562500
-0.29814761877059936523437500000
0.03794399276375770568847656250
-0.03039223514497280120849609375
-0.23129373788833618164062500000
-0.33045294880867004394531250000
-0.32452282309532165527343750000
-0.28504720330238342285156250000
0.01616690307855606079101562500
-0.12436578422784805297851562500
-0.43262705206871032714843750000
-0.17335471510887145996093750000
0.10072547197341918945312500000
-0.30020049214363098144531250000
-0.37187325954437255859375000000
-0.31927603483200073242187500000
0.03062121383845806121826171875
-0.61110794544219970703125000000
0.04272939637303352355957031250
-0.12756970524787902832031250000
-0.03212784230709075927734375000
-0.14849476516246795654296875000
-0.29052409529685974121093750000
-0.20583613216876983642578125000
0.09277237951755523681640625000
0.24658782780170440673828125000
-0.13843102753162384033203125000
-0.20561018586158752441406250000
-0.14772537350654602050781250000
-0.14823409914970397949218750000
-0.03107156231999397277832031250
-0.28027832508087158203125000000
-0.13399066030979156494140625000
0.04022832214832305908203125000
0.07837616652250289916992187500
-0.05700866505503654479980468750
0.00258045061491429805755615234
-0.09011367708444595336914062500
-0.00000021781637826734367990866
-0.04740217328071594238281250000
-0.02841465547680854797363281250
-0.38174203038215637207031250000
-0.48069146275520324707031250000
-0.06569251418113708496093750000
-0.26324439048767089843750000000
-0.18415473401546478271484375000
0.08595919609069824218750000000
-0.29183518886566162109375000000
-0.46578535437583923339843750000
-0.08553956449031829833984375000
-0.35101705789566040039062500000
-0.87974697351455688476562500000
-0.69610208272933959960937500000
-0.33538222312927246093750000000
-0.42685723304748535156250000000
-0.14010918140411376953125000000
-0.12583787739276885986328125000
0.02214994654059410095214843750
-0.25651741027832031250000000000
-0.04487456381320953369140625000
-0.00407143356278538703918457031
0.13950426876544952392578125000
-0.42597886919975280761718750000
-0.35437023639678955078125000000
-0.03702734783291816711425781250
-0.12646938860416412353515625000
-0.23971416056156158447265625000
-0.42035081982612609863281250000
-0.52012282609939575195312500000
-0.09749703854322433471679687500
-0.51556855440139770507812500000
-0.01969369687139987945556640625
-0.59747117757797241210937500000
-0.03681642562150955200195312500
0.03596757352352142333984375000
-0.03060538507997989654541015625
0.05117046460509300231933593750
0.22732052206993103027343750000
-0.52577340602874755859375000000
0.11798332631587982177734375000
-0.07986009865999221801757812500
-0.02339479885995388031005859375
-0.33100801706314086914062500000
-0.30762365460395812988281250000
-0.18228480219841003417968750000
-0.06186161935329437255859375000
-0.07777878642082214355468750000
-0.12588459253311157226562500000
-0.24170705676078796386718750000
0.00085095793474465608596801758
-0.24132554233074188232421875000
0.03974647819995880126953125000
0.21903699636459350585937500000
-0.36952030658721923828125000000
-0.46265381574630737304687500000
-0.05020009353756904602050781250
-0.07112415879964828491210937500
-0.50620162487030029296875000000
-0.07792805135250091552734375000
-0.08952113986015319824218750000
-0.09751439094543457031250000000
-0.19812911748886108398437500000
0.17996279895305633544921875000
-0.42553257942199707031250000000
-0.24552169442176818847656250000
-0.16987088322639465332031250000
-0.01206354517489671707153320312
0.01743132621049880981445312500
0.00701675424352288246154785156
-0.02335712127387523651123046875
-0.50307720899581909179687500000
-0.21253837645053863525390625000
-0.37284916639328002929687500000
-0.22385412454605102539062500000
-0.02877791784703731536865234375
-0.35534861683845520019531250000
0.00890516117215156555175781250
-0.06643384695053100585937500000
0.08560724556446075439453125000
0.02401034161448478698730468750
-0.25479021668434143066406250000
0.13947246968746185302734375000
0.05236094444990158081054687500
0.07280671596527099609375000000
0.06728875637054443359375000000
-0.25588035583496093750000000000
-0.04021022096276283264160156250
-0.49020904302597045898437500000
-0.09722652286291122436523437500
-0.00176755094435065984725952148
0.02447462268173694610595703125
-0.19873656332492828369140625000
0.04343451187014579772949218750
-0.39231339097023010253906250000
-0.19175675511360168457031250000
0.11345253884792327880859375000
-0.25269287824630737304687500000
-0.21647503972053527832031250000
-0.20568060874938964843750000000
-0.00926408451050519943237304688
-0.04432477056980133056640625000
-0.23624448478221893310546875000
-0.47821718454360961914062500000
-0.28817856311798095703125000000
0.08326256275177001953125000000
0.15476079285144805908203125000
-0.22907717525959014892578125000
-0.44150024652481079101562500000
-0.07081805169582366943359375000
0.04839729517698287963867187500
-0.27689355611801147460937500000
-0.37968882918357849121093750000
0.02426228858530521392822265625
-0.22113879024982452392578125000
-0.33583435416221618652343750000
-0.00582351954653859138488769531
0.11292104423046112060546875000
0.00147125637158751487731933594
0.02749657817184925079345703125
-0.05747224763035774230957031250
-0.18446652591228485107421875000
-0.17706398665904998779296875000
0.20837759971618652343750000000
-0.27718958258628845214843750000
-0.09477422386407852172851562500
-0.14669205248355865478515625000
-0.14464519917964935302734375000
-0.00626618182286620140075683594
-0.04145756736397743225097656250
-0.05748032033443450927734375000
0.03775470703840255737304687500
-0.27884170413017272949218750000
0.04295158386230468750000000000
-0.18107387423515319824218750000
0.04043944552540779113769531250
-0.34145563840866088867187500000
-0.44304472208023071289062500000
-0.55723929405212402343750000000
-0.24440054595470428466796875000
0.52691149711608886718750000000
-0.17252974212169647216796875000
-0.07086879014968872070312500000
-0.35481578111648559570312500000
-0.07350816577672958374023437500
-0.04214234277606010437011718750
-0.31698885560035705566406250000
-0.42814785242080688476562500000
0.01775865256786346435546875000
-0.55018717050552368164062500000
-0.20886543393135070800781250000
-0.14377270638942718505859375000
-0.13360413908958435058593750000
-0.01060279551893472671508789062
-0.38410139083862304687500000000
-0.55540245771408081054687500000
-0.08376295864582061767578125000
0.16523933410644531250000000000
-0.06093263253569602966308593750
-0.35141438245773315429687500000
-0.51602947711944580078125000000
0.12482366710901260375976562500
-0.08607716858386993408203125000
-0.41236370801925659179687500000
-0.14265735447406768798828125000
0.08593785762786865234375000000
-0.40158379077911376953125000000
0.05243719369173049926757812500
-0.46045583486557006835937500000
0.01185851823538541793823242188
0.00995812471956014633178710938
-0.21785424649715423583984375000
0.08392146229743957519531250000
-0.19124172627925872802734375000
0.35238564014434814453125000000
0.00791570451110601425170898438
-0.31881359219551086425781250000
-0.38506859540939331054687500000
-0.10620330274105072021484375000
0.01281323097646236419677734375
-0.22648622095584869384765625000
-0.22883500158786773681640625000
-0.06840676069259643554687500000
0.12845951318740844726562500000
-0.01041094679385423660278320312
-0.32864624261856079101562500000
-0.09152762591838836669921875000
-0.16399155557155609130859375000
-0.00215578661300241947174072266
-0.03896248713135719299316406250
-0.15205748379230499267578125000
-0.20083715021610260009765625000
-0.41965442895889282226562500000
-0.02536988630890846252441406250
-0.06213440001010894775390625000
0.04228666797280311584472656250
0.00716631347313523292541503906
-0.10116814821958541870117187500
0.07908898591995239257812500000
-0.12371207028627395629882812500
-0.13962148129940032958984375000
-0.38739341497421264648437500000
-0.02326074801385402679443359375
0.14883853495121002197265625000
-0.57759052515029907226562500000
-0.07120777666568756103515625000
-0.07998503744602203369140625000
-0.21235291659832000732421875000
0.02121352776885032653808593750
-0.06252390891313552856445312500
0.00671464297920465469360351562
-0.25649088621139526367187500000
-0.30877983570098876953125000000
-0.34442749619483947753906250000
0.21515178680419921875000000000
0.08420098572969436645507812500
-0.09112167358398437500000000000
-0.58515262603759765625000000000
-0.07718241214752197265625000000
-0.06380650401115417480468750000
-0.22093962132930755615234375000
0.08801916241645812988281250000
-0.12432518601417541503906250000
-0.18569225072860717773437500000
0.16546685993671417236328125000
-0.32655742764472961425781250000
-0.10198881477117538452148437500
0.08306013792753219604492187500
0.04445825517177581787109375000
-0.26673558354377746582031250000
-0.24240444600582122802734375000
-0.18649631738662719726562500000
-0.34439018368721008300781250000
-0.14323815703392028808593750000
0.16198867559432983398437500000
0.07342633605003356933593750000
-0.12334530055522918701171875000
-0.08214834332466125488281250000
0.10913429409265518188476562500
0.22852313518524169921875000000
-0.23392987251281738281250000000
0.17041859030723571777343750000
-0.08357404917478561401367187500
0.29056036472320556640625000000
-0.10328242927789688110351562500
-0.31395918130874633789062500000
0.01193102076649665832519531250
-0.50410979986190795898437500000
-0.03399721160531044006347656250
0.11355126649141311645507812500
-0.15913595259189605712890625000
-0.12764635682106018066406250000
-0.37283876538276672363281250000
-0.08303256332874298095703125000
-0.20315104722976684570312500000
-0.41611185669898986816406250000
-0.07653058320283889770507812500
0.04299065470695495605468750000
0.03342158719897270202636718750
0.04524830356240272521972656250
-0.55371749401092529296875000000
0.09777723252773284912109375000
-0.29725062847137451171875000000
0.01798100210726261138916015625
-0.03529981896281242370605468750
-0.15648816525936126708984375000
-0.10148523747920989990234375000
-0.13281412422657012939453125000
-0.32440108060836791992187500000
-0.04920292645692825317382812500
-0.56222635507583618164062500000
-0.16559736430644989013671875000
0.06761763244867324829101562500
-0.02004725299775600433349609375
-0.01252319384366273880004882812
-0.12773652374744415283203125000
-0.01481080427765846252441406250
0.13866460323333740234375000000
0.29496422410011291503906250000
