-3.412973135709762573e-02
4.276326298713684082e-02
-1.480525881052017212e-01
-1.761530041694641113e-01
-4.152632653713226318e-01
1.503848191350698471e-02
8.460147678852081299e-02
-7.139094918966293335e-02
1.497336477041244507e-02
-9.936150163412094116e-02
1.296826004981994629e-01
-1.198526546359062195e-01
-4.496323764324188232e-01
8.675969392061233521e-02
-1.073530986905097961e-01
2.296787351369857788e-01
3.885012567043304443e-01
1.289695650339126587e-01
2.198138535022735596e-01
8.967835456132888794e-02
2.341751903295516968e-01
1.140832677483558655e-01
-1.013115495443344116e-01
2.391539216041564941e-01
2.416959404945373535e-01
-8.587020635604858398e-02
1.120838522911071777e-01
6.561093032360076904e-02
1.273069232702255249e-01
-3.888613879680633545e-01
-1.085930690169334412e-02
-4.337666630744934082e-01
5.699758883565664291e-03
1.128515973687171936e-01
-7.653564214706420898e-02
-3.141888082027435303e-01
-1.345533281564712524e-01
-1.637326031923294067e-01
6.942331790924072266e-02
-3.652450861409306526e-03
-1.334427110850811005e-02
1.306654959917068481e-01
1.033163964748382568e-01
3.041481673717498779e-01
-4.019441306591033936e-01
-4.351119697093963623e-01
8.907316625118255615e-02
-1.749925315380096436e-02
2.230184227228164673e-01
-2.118208855390548706e-01
1.512525486759841442e-03
3.104768693447113037e-01
2.425960451364517212e-01
-3.010217659175395966e-02
-1.389760822057723999e-01
1.619092077016830444e-01
1.056060716509819031e-01
-1.333971768617630005e-01
-1.818577945232391357e-01
-1.406121253967285156e-01
4.742499068379402161e-02
2.666054666042327881e-01
-3.240058422088623047e-01
-4.368278086185455322e-01
-1.094439700245857239e-01
-3.663212656974792480e-01
-1.911559402942657471e-01
-2.814052104949951172e-01
3.541895747184753418e-01
-3.316053887829184532e-03
7.400021702051162720e-02
1.383197009563446045e-01
6.576851010322570801e-03
-2.085196524858474731e-01
-3.435311838984489441e-02
6.003125756978988647e-02
-2.255870699882507324e-01
-7.449625432491302490e-02
-1.487732827663421631e-01
-8.101405948400497437e-02
-4.823977649211883545e-01
2.091575860977172852e-01
4.105506092309951782e-02
3.079663729295134544e-03
-3.179855942726135254e-01
-2.449496835470199585e-01
-4.834220111370086670e-01
4.353857040405273438e-02
-5.739382281899452209e-02
-1.106739118695259094e-01
-4.155411124229431152e-01
-1.683859676122665405e-01
4.972347021102905273e-01
-3.495727777481079102e-01
6.787889450788497925e-02
-2.975926361978054047e-02
4.655864536762237549e-01
-9.277602285146713257e-02
-7.494342327117919922e-02
-8.632888644933700562e-02
-2.822004854679107666e-01
2.792293131351470947e-01
1.570058427751064301e-02
-4.758267402648925781e-01
-2.261880934238433838e-01
3.308404386043548584e-01
1.521366685628890991e-01
-1.262136828154325485e-02
4.983257055282592773e-01
2.351868525147438049e-02
2.540457546710968018e-01
-1.298323422670364380e-01
-3.385583460330963135e-01
-1.828759908676147461e-01
3.157612085342407227e-01
-8.943190425634384155e-02
8.762449957430362701e-03
-4.321451783180236816e-01
-1.755574643611907959e-01
-3.237639665603637695e-01
-1.568252891302108765e-01
-1.645455956459045410e-01
-1.313731521368026733e-01
6.003006696701049805e-01
-2.830304503440856934e-01
3.162111639976501465e-01
-2.461427152156829834e-01
7.587132509797811508e-03
