-6.629745662212371826e-02
5.712326616048812866e-02
-4.582479596138000488e-02
1.423325203359127045e-02
-2.416051365435123444e-02
5.899515934288501740e-03
1.534031471237540245e-03
4.845479130744934082e-02
-6.587349623441696167e-02
-4.446182027459144592e-02
-1.334930956363677979e-02
3.297614678740501404e-02
1.113969599828124046e-03
-1.914342679083347321e-02
-2.105049043893814087e-02
-4.836048930883407593e-02
3.637902811169624329e-02
2.613271772861480713e-02
7.250782568007707596e-03
-6.742699444293975830e-02
7.004117220640182495e-02
5.031557008624076843e-02
-1.241359040141105652e-01
3.110332880169153214e-03
1.306432299315929413e-02
-4.017347842454910278e-02
5.296061933040618896e-02
-4.212179034948348999e-02
-1.660780981183052063e-02
4.601851478219032288e-02
3.420916572213172913e-02
2.970055676996707916e-02
-5.948911886662244797e-03
-7.478445768356323242e-02
-1.339481119066476822e-02
2.938363142311573029e-02
6.858359277248382568e-02
1.659396663308143616e-02
-7.245071232318878174e-02
1.022908017039299011e-01
5.039923358708620071e-03
-6.324538588523864746e-02
3.750100731849670410e-02
-5.142454057931900024e-02
4.623986035585403442e-02
2.585501968860626221e-02
-1.867879880592226982e-03
1.784696429967880249e-02
8.240985870361328125e-02
-2.381135709583759308e-02
-1.359345111995935440e-02
9.505573660135269165e-02
-5.445929244160652161e-02
-1.957661658525466919e-02
2.071146853268146515e-02
3.529952839016914368e-02
5.098915100097656250e-02
-5.213242396712303162e-02
1.033146902918815613e-01
-2.140102908015251160e-02
-3.047972917556762695e-02
5.103464424610137939e-02
2.007867209613323212e-02
1.698742620646953583e-02
-2.606870234012603760e-02
5.967531353235244751e-03
-1.375499460846185684e-02
-5.284771323204040527e-03
-2.155613340437412262e-02
4.669329151511192322e-02
1.567251794040203094e-02
7.355206459760665894e-02
4.878250136971473694e-02
3.660409897565841675e-02
-2.817104011774063110e-02
1.003977004438638687e-02
-3.050670027732849121e-02
-2.528129518032073975e-02
-7.589938491582870483e-02
-1.437742845155298710e-03
2.172986790537834167e-02
5.650726705789566040e-02
-5.432555824518203735e-02
1.308289542794227600e-02
-8.373979944735765457e-04
7.433523237705230713e-02
-6.346102803945541382e-02
2.603397518396377563e-02
-4.191350936889648438e-02
-1.654085144400596619e-02
2.820956334471702576e-02
-3.483883291482925415e-02
-2.830571960657835007e-03
-4.027266800403594971e-02
2.156297862529754639e-02
-5.115966498851776123e-02
6.078461185097694397e-03
6.755481660366058350e-02
1.803023181855678558e-02
1.182346697896718979e-02
-2.869982086122035980e-02
-4.442806914448738098e-02
2.074842527508735657e-02
-7.515576481819152832e-02
-1.456367876380681992e-02
-2.433999627828598022e-02
-2.709110639989376068e-02
4.328293353319168091e-02
3.885881975293159485e-02
-6.776753067970275879e-02
7.049173116683959961e-03
4.970182105898857117e-02
6.805858761072158813e-02
1.011142786592245102e-02
3.704835847020149231e-02
-5.435047298669815063e-02
-3.204303979873657227e-02
6.797474622726440430e-02
-1.339424587786197662e-02
1.847860589623451233e-02
5.072605609893798828e-02
-5.170775577425956726e-03
-5.694215744733810425e-02
1.194437220692634583e-02
-1.257361285388469696e-02
1.018816512078046799e-02
3.455471992492675781e-02
-1.536715496331453323e-02
